10000
2366
6932
8609
4987
2550
9572
646
5489
3130
4172
8300
9561
5766
592
3834
9375
1880
9146
4596
7054
4857
2740
9888
8569
2542
3019
1524
5671
1173
6454
7042
2270
1506
2664
1869
397
3209
3316
8465
9923
8461
9573
2788
3614
8545
6535
2025
4467
6176
8549
3472
9854
653
8984
6567
9046
4012
6263
4677
9237
696
3960
5807
5961
1495
8253
3254
1329
8787
1217
4191
8864
6213
533
941
3633
9580
7658
6221
4425
1639
1697
3252
6751
5584
3951
6224
916
5738
851
2925
5076
4789
746
7759
6054
115
5887
2158
4213
8633
5722
6178
3550
7
6037
2594
7395
5538
1180
6057
3926
1391
7220
6483
4731
9114
5405
3541
2038
4038
6751
9317
2728
2855
2595
8465
6768
1376
2755
8488
7795
4992
9325
2388
75
9466
7374
1716
3746
8486
6610
4595
604
8637
6628
4344
1456
3263
6137
4367
2682
4804
8418
4268
7430
6903
7296
9267
7591
8169
7884
6419
8560
9306
8606
5659
8322
9087
200
4008
1527
6367
9175
8924
6142
9585
3509
7878
5771
3099
2136
5075
6527
1352
1601
5240
1280
510
51
8580
5169
6558
1816
4386
875
9432
8144
7730
7273
529
1643
733
8452
6751
5455
8891
957
8342
8482
2966
2166
141
7474
6109
9557
2029
2296
864
312
1193
1041
6900
5105
7895
3809
1117
4092
6119
3312
1945
6867
5902
648
2696
1862
682
2166
723
1662
7993
1117
3444
773
5173
887
3440
8645
6553
5026
6480
6975
4272
409
893
9518
821
6725
6173
300
611
9892
2439
2705
4570
835
8771
7954
8759
4161
5283
8256
5223
4990
5047
1942
4024
4977
9277
2724
7252
833
3230
9694
4767
652
2116
1896
247
4699
1063
9507
4257
2600
1085
8553
8162
2552
714
2613
3119
9688
5292
8511
9340
8835
8046
8600
3568
5616
8899
8190
8003
4614
4406
9775
1509
426
3295
6221
4627
4751
3855
7128
6874
6435
5275
2201
7994
4929
6687
9479
7024
7055
4262
7560
7244
1698
590
9971
6586
9068
5653
2413
9095
4864
5679
3666
8854
6280
6950
955
8773
6201
6714
4716
3670
4149
6939
3819
465
5060
2035
4392
7524
9256
2146
2713
9614
4151
2223
7844
5712
3673
7404
8465
3057
1066
5507
2198
4707
6219
7760
9758
4071
8761
918
595
6517
9885
4719
6532
4367
653
6226
1052
7480
8319
5163
3262
9455
1349
7342
3185
3296
399
5374
4718
3246
2509
9051
4502
5571
3144
7958
9768
1011
1341
8825
9691
5937
4370
3705
8786
9444
880
9238
2055
9249
7375
9071
9076
4109
9402
1399
1209
8458
6410
7488
3154
1634
322
253
2600
3781
4202
634
9175
1105
8431
4678
8663
470
3911
9730
3259
5182
230
1209
156
5556
2338
5747
8699
2586
1243
3073
2069
6088
5227
3435
2228
8421
8546
6241
909
3828
5289
3073
4480
7177
5630
9934
2378
1760
3261
1697
1361
3333
3934
4233
8079
5920
4644
148
5420
9858
9018
1538
7706
2664
5430
1104
6859
2745
3403
8686
6630
7212
4164
1305
8320
9823
2462
8922
6401
2701
7515
7864
5653
5011
49
1122
622
3314
4960
9247
6853
9259
2404
1120
3762
4083
4401
8126
3582
3985
4675
8215
7230
4409
1028
3361
2545
4969
8725
4100
4457
5971
9139
7226
9243
9391
8509
9453
3206
9326
2236
1942
1871
4239
5453
5342
2735
4220
7941
1463
868
6418
4843
4404
950
8280
7859
9309
1350
477
4909
767
4411
6860
5327
4389
2649
2795
1896
7791
75
4910
8808
9113
8592
5050
9257
6744
1396
3891
3711
3598
6062
8615
4274
1418
4014
374
3524
6451
1624
1054
103
6353
1233
9814
3138
6166
685
2751
1114
9653
8315
8745
4954
7597
5063
9216
1704
8904
8835
6373
8021
4878
5045
9211
9307
8927
4283
7471
9472
7131
2322
9048
3861
7719
8218
8815
1798
8681
2090
3823
1477
2967
213
6929
293
722
5059
6086
7104
3772
9135
2560
2101
5334
2794
2226
6553
3203
5471
3964
3495
8272
2025
5556
7004
561
9339
261
4280
5267
9359
146
6504
2072
1132
1918
6530
3155
2599
9717
8145
1540
6113
340
3278
5311
2005
3632
6957
1053
4945
7837
4180
9862
4069
5439
4332
9007
1068
4195
8555
7278
1114
667
6221
5047
6679
9117
728
3837
2525
2796
9256
6226
8624
8225
4589
1253
3885
579
6874
5889
7968
2711
7564
5474
8615
8072
1405
9410
6062
3992
3575
139
5486
4086
5064
9986
629
1582
3319
5823
8758
8622
9929
162
4296
3369
6511
9001
430
5377
378
8611
7975
7384
9787
7435
3176
9982
9583
7364
1197
6675
6083
389
8350
4682
1021
8897
4816
9311
6777
1974
8065
1608
3548
8254
7589
4440
7300
3977
4907
8243
7102
8623
8945
2844
7550
7901
7497
6042
3879
3944
4713
4111
9882
5298
5376
7470
5050
5491
80
7765
9126
2352
2613
9341
5451
8362
8910
4368
6148
6535
4846
9074
2028
7578
9586
5857
7761
3088
1574
2268
3564
1098
2061
1282
1265
8825
9664
1668
1716
8787
5961
3181
8612
8214
108
1285
7458
6098
6008
5549
1575
1554
4865
6153
5453
3276
807
9214
8978
3874
4641
2445
7496
3525
4252
6611
6259
7467
647
5570
2146
4011
4191
8571
247
5941
9635
5940
14
1770
8828
9382
2071
4293
7398
8405
2338
3243
5340
8205
8726
9382
7374
9777
9005
8646
5137
8880
9249
4410
7923
8154
351
4608
9440
6319
4864
4732
563
9107
9647
5710
3195
6882
4796
4677
2325
755
932
8558
7261
5045
2598
8046
2566
9859
4513
199
1583
6269
4430
7597
1647
7974
3305
661
5943
5024
7888
8970
7094
4859
2393
1606
8852
7988
2646
1960
2814
636
1755
1342
3650
4434
5889
3150
7302
427
279
3686
5720
5192
1832
6504
5756
7338
390
1323
2144
9263
4056
1038
1871
6841
233
9947
5646
5164
3952
2418
6798
3473
526
5177
6238
349
3086
1368
8946
1194
285
9451
1135
5532
2289
4817
2580
7278
2094
3377
1343
6682
349
8180
4820
7074
1120
207
853
6714
6651
6197
3326
6132
1032
6286
1713
1686
4209
3729
8285
9808
5949
7528
7211
1403
4768
8475
6981
3170
7130
9618
911
2801
1628
4853
4828
8233
2423
6059
9774
9880
5880
6179
7175
6741
1000
6449
2732
7502
673
1835
60
4788
141
3082
4020
3658
9430
4628
1424
5245
6242
1296
678
3432
8196
8533
503
1223
7081
1123
8336
2787
3101
4901
5487
9261
9872
6740
4799
814
4837
8525
7627
6865
4346
6099
4283
1215
2547
249
363
1445
5787
3132
3819
3325
2805
7698
3231
4519
4630
6139
2509
4336
3847
7593
9930
9990
9630
6416
267
3673
1082
9335
5620
728
3189
2939
2180
6815
4036
5430
1574
4829
1297
38
4251
1251
479
8909
3527
5549
3059
3295
3517
5134
7306
7734
8311
3396
4141
7959
6665
7798
6614
6326
7066
9523
9594
2745
5674
8776
1675
7861
4463
8841
569
7631
4310
882
5171
9252
3298
6807
7291
5275
3929
6531
4931
7463
4829
7324
1261
7985
80
1042
2843
5462
3122
116
2591
8897
2633
955
7027
9450
7497
7245
5469
7314
961
2661
7764
3439
5873
5892
5236
9752
2070
785
2021
2750
788
495
5677
7375
9711
9393
3694
569
9426
9085
3470
8029
7986
4285
7475
5165
1441
6895
1550
6202
5954
1395
9229
6401
436
3774
8022
1347
1139
25
4650
7467
4843
3520
1908
441
7507
9199
921
2250
5754
2916
8615
361
2384
6478
3060
9992
4747
1340
3862
3393
4606
1676
1441
5954
3757
7793
6019
3652
48
1867
5981
200
3132
3520
7185
5921
7360
7766
7411
1798
1557
9380
452
4058
7038
3242
9137
6736
2058
6060
9861
3724
3671
1353
5521
6947
7909
4482
864
8740
6044
9301
1978
7621
7018
1038
6555
3155
3678
3824
5090
4641
1203
1221
1117
2444
6203
9336
4682
1438
3817
6776
5045
344
1097
8463
1447
9716
778
2159
6309
6841
198
7596
1087
9646
9709
6563
8933
1239
6605
4275
3886
4756
1111
1797
8708
2204
9104
2333
8026
1645
6029
9952
963
2558
3913
702
2673
6514
7024
4923
4984
609
4369
400
851
1548
5501
2072
4534
735
9198
459
6195
6246
3752
4401
4495
2387
4438
7334
9006
522
4899
4960
2551
2395
3198
8074
4876
9432
8658
6912
2627
1333
1068
5252
8218
845
7522
2253
7962
6397
8554
7424
6331
2366
9600
1604
4667
6676
6847
1501
6671
2262
3392
8243
4523
8042
4603
382
2670
1670
956
4684
8203
520
1590
759
3427
7123
4263
2007
6430
4580
47
2319
7503
5620
7019
5454
9277
7636
6746
8249
1779
7748
5800
5246
524
8666
3260
7881
6242
8836
3081
740
5831
7868
1861
3708
3540
8646
864
1743
9918
7436
7115
3564
8233
8579
1736
9405
4496
8764
860
239
1612
5208
4622
225
7791
8794
1018
7389
435
7904
3759
750
9747
7344
4637
926
1753
9619
173
6900
3929
3361
3976
8813
1346
8755
2564
8328
737
5291
6211
495
3007
8014
6242
7329
8726
27
2755
9971
4963
2791
9546
6274
3064
3289
9296
8404
8180
6681
9186
3520
3140
3076
6777
4338
1568
5510
4222
2785
6282
2925
5426
6570
7063
6042
6396
2830
9044
4167
4610
989
647
4725
9790
3825
9117
5412
2292
963
4927
4994
7194
3225
1176
8903
6180
1849
2251
8884
5286
2356
6160
1921
9861
7587
7558
9019
6747
6987
8151
8730
9646
3627
657
4488
7656
9486
1950
2698
3732
805
1638
9969
3111
1505
1290
17
9193
8851
3197
7881
7035
6846
387
4949
647
7659
6909
8688
9800
1477
165
2057
7131
9157
8501
9775
6561
9844
3274
1062
1112
3059
5204
3584
5179
1101
2631
5041
4848
5444
8065
8634
8336
8058
8557
3728
8837
7001
4192
3698
9373
9751
6436
3274
7463
5971
9690
942
5962
6520
4786
6777
5463
7382
4010
8039
2021
4917
4761
6078
5938
2233
1940
1604
957
9650
1213
5147
5684
5608
4116
3119
8642
5337
9535
8894
4666
9786
3729
5245
5323
9486
6948
973
9337
1104
6681
7256
3736
3320
7493
8501
6700
2218
3
3967
5661
2609
7298
683
7094
1299
9229
5342
5334
4043
4604
6092
285
8905
1884
9669
8730
8528
5012
2276
7835
9060
7885
7989
5751
7775
9769
6260
1024
5233
4669
7452
4362
9104
7411
1109
3052
9007
2954
9289
1072
9063
2123
6312
3703
8559
9900
6052
3768
7129
6334
6745
9782
7454
94
9964
6834
927
442
8201
719
7622
3711
9446
1924
432
918
4181
3244
9159
8209
9315
8261
4730
1280
3475
5193
7171
3451
4484
7520
8656
9308
3942
55
5637
9845
1606
9707
4594
8874
7997
3816
9
3304
8680
7153
6835
4307
2935
2557
558
7981
2365
9862
5865
1214
1896
7715
6936
2284
2678
4843
7792
1805
4421
2305
1696
4799
7278
6629
7563
8122
800
5301
3508
4975
772
1896
4764
2736
5432
5775
9815
4684
4024
7019
5799
3011
4415
800
5183
5373
1690
6980
4325
5811
4387
8831
8198
7035
477
8386
5406
9157
5182
4073
1311
7436
9830
5716
9442
7301
6955
3557
1937
3101
2957
6427
316
5318
2289
7072
2632
6360
8751
4564
851
1790
9115
1743
7843
5939
2863
3941
4830
1615
8741
307
1130
9895
1005
3261
4413
9361
9472
7057
5179
4782
6687
4381
7440
8012
6040
6348
7402
2188
8613
7366
455
2560
8366
4806
6385
428
1821
9691
536
6182
3561
6538
9284
650
2570
5624
4433
9733
4839
6713
9907
6324
6646
3215
5170
6513
2362
2191
9272
9302
2745
4383
3628
9146
8948
614
5354
5254
1244
7803
7349
8442
2397
2735
7815
3510
5529
6298
4987
4391
5907
8643
5346
6034
2961
2049
3629
5805
1329
3240
4049
6981
1929
6791
6748
2717
9099
6772
1547
7077
8713
6711
6919
1422
9893
9056
9257
1367
2793
2869
2364
5765
3487
279
7040
5454
3629
239
3418
2304
8916
7145
7047
2842
3468
3945
6113
2846
1730
3788
1708
7479
7183
9699
2608
8290
574
3865
289
1843
9107
892
898
5258
6189
871
9003
9278
7216
4873
1754
3934
7163
25
4338
791
4882
198
3643
4818
5582
4585
1087
3361
6199
6946
8722
7412
7104
6058
1484
8935
2356
5498
14
7246
3728
2502
9364
1030
6854
4601
1775
1004
6485
7750
262
9051
4982
8678
7342
2268
906
5435
7622
7825
1534
3557
3008
2803
1521
4122
85
5800
1410
5659
4039
9790
8731
4485
8949
5129
4941
2034
7100
4082
6139
7069
4747
11
5340
8316
529
1084
5013
2316
9887
145
2245
4788
3105
1455
3109
9273
3967
9585
3255
6967
4616
6580
1499
6687
9136
3567
7184
7946
6555
7072
5280
5976
3391
8941
4265
230
8652
2280
5050
9457
5927
85
6593
2567
6703
5523
1930
98
4311
1688
3781
4288
6792
8037
9001
8576
5053
6569
2228
961
9075
5295
6534
4649
1951
9397
9488
6620
5727
3701
9978
2774
4482
4863
9877
683
4210
1346
7233
5004
2106
4047
430
2105
3180
1101
3910
5389
3226
9673
748
2620
3979
1344
2122
7346
9996
4344
9054
2289
3162
1789
1872
542
2001
8621
2704
7659
4513
1807
1425
9494
7536
1798
7658
7791
7155
5666
1138
7723
7419
281
6909
1126
6030
5907
1870
7515
31
6104
1556
3628
6027
6099
143
8984
1371
8916
507
7990
591
4203
1637
3357
3634
982
1642
5093
5771
3495
1425
4401
7765
1326
7090
9343
5523
6535
3741
535
9190
1333
1721
1421
5924
8943
1589
4689
7011
1948
4204
6981
9262
3331
9736
5445
4304
2020
2541
227
3896
4333
5560
1921
799
2813
2768
148
789
6541
6943
6313
8904
1127
4621
1678
5330
4324
8610
3852
5937
5394
8981
8037
1516
2483
465
5673
6099
2772
5489
73
7290
4453
821
4261
439
5118
258
9134
8266
5279
8394
1761
7890
1880
9734
2166
8352
7393
2226
4996
1972
7648
8758
4579
1349
518
5572
6671
6800
2587
9546
6437
4945
1242
3560
7086
6566
9114
6480
7241
8295
6702
5706
7071
456
3015
5476
749
9159
8585
18
9515
6524
3403
9778
6546
3360
4894
7491
3993
1346
8346
4758
5488
9854
7208
5565
6889
511
3002
7877
5559
7924
6810
7321
4738
5514
3235
4865
524
9059
9460
1873
974
5875
5279
5579
1321
5253
5332
9355
8204
8211
1343
6857
8129
3668
8670
3490
5733
8921
7794
6660
5545
8484
7856
2336
636
7701
4666
289
991
8206
6965
6001
9701
1516
9150
648
8208
9100
8203
382
2765
4238
7191
850
2694
6996
2627
9989
6893
1973
3657
8593
3912
7554
6684
8086
4184
6627
6625
9035
2904
9366
3248
1885
3559
3853
8859
9135
373
9040
9792
7222
1795
7037
2249
275
6368
4929
5736
333
8523
7345
4797
4343
2564
4830
8155
5426
2896
1101
5872
3191
7336
7427
6377
8656
9329
5226
8144
8506
1548
8829
8833
4665
7879
111
9120
9403
1649
3076
6255
4607
8300
4606
6760
9930
2182
6722
1721
4608
9374
3266
5590
3224
6574
6006
6361
1918
1675
9215
1416
1212
9737
1110
780
4545
7712
3530
3385
3490
2896
4894
3469
4551
4208
9647
5474
7125
3376
2262
3906
3084
270
4776
4150
9073
6317
5107
634
4443
2699
5025
3339
5600
6400
9042
6383
7515
9612
4466
333
310
4445
7145
2365
2341
4912
9313
8611
1068
363
108
9638
374
3128
9492
1678
3091
9934
3808
236
3569
5397
1237
3139
5210
6950
9005
8261
3272
6172
5579
1510
8804
5500
5736
4172
9741
2636
3277
6169
1220
941
5962
6439
1918
7422
1004
4735
1375
6640
5782
8334
7570
6095
7217
8352
2687
5808
1914
3531
2335
8150
724
4253
2880
433
4463
3123
5648
2752
642
6966
2804
9782
1816
2805
463
9397
8704
9946
6147
842
9630
2969
7114
1760
6846
8217
4299
4408
7653
2863
8024
7268
650
5576
6419
4566
1111
2816
2524
8593
6078
2737
7979
7984
2522
7388
4145
718
5519
3180
168
7397
6081
720
1822
2931
3395
7815
5279
270
7729
111
7948
5081
1766
951
7508
3376
9532
5054
9766
7429
7111
9362
7894
8807
8057
1788
7332
6480
5239
5334
8062
9971
2958
1055
400
4795
5905
4542
8571
4218
456
9484
1294
2701
2604
9123
3022
6851
4135
2854
2794
6476
2410
9542
7341
510
1651
6776
634
1303
1315
8991
5283
8374
2911
242
3487
1548
6093
9636
7780
9370
8737
4385
4989
7579
5453
7995
4715
4143
5223
2302
3257
8794
4968
3301
5988
4765
5894
4218
6764
6758
1927
3315
8051
1422
179
1158
9796
4324
2882
657
1317
893
9156
2385
9275
2377
5953
73
3862
844
1650
7623
4893
2478
1050
5594
4877
9302
6333
7114
3647
2357
5594
4309
6639
7463
4914
5921
5634
3559
8664
3116
6229
1490
179
5915
4344
2958
3290
2680
8286
8478
7980
7736
2166
4652
690
1582
522
2926
2472
7224
74
8487
374
944
7561
6395
4732
9894
8691
8746
7151
1274
6518
5968
7554
3565
3961
4872
2012
1654
7020
3256
9798
81
9195
9025
9689
8673
7847
5518
1532
9973
8366
9921
7806
3981
716
8829
5751
2658
3454
5196
9304
9371
8695
1188
5108
9041
1914
3063
721
5239
6367
6216
9730
8719
9929
6995
5851
1677
3026
4839
4418
1677
4227
9127
6077
2944
5642
9678
318
3926
5674
4952
1452
2737
7897
2635
4277
3145
1474
7559
4150
8653
7131
6494
25
8065
226
125
4912
9531
1661
3963
8071
3207
8895
2046
6490
106
4594
9360
7255
1548
7172
5601
7175
8475
2640
562
4838
5016
4099
747
5908
3696
325
6852
4051
2850
138
732
5217
6183
554
8648
7855
4455
3838
2385
5500
4363
2368
8065
7004
1523
5090
3918
1725
9985
4376
760
4928
4365
9435
2040
39
1538
2825
2558
3082
8707
8214
7353
4647
1348
2565
6689
3352
8092
3867
9147
9241
7088
21
1569
3622
4172
8815
4615
7528
85
9683
4976
8116
9947
3903
6899
2628
7872
9665
5330
4563
875
8092
3297
1053
2297
4228
5082
8031
4580
7984
472
8312
5460
3545
6182
8487
2068
6823
7020
584
4568
8409
822
1222
4040
1451
7620
3624
5756
795
3669
293
5852
5148
9638
2223
2961
125
390
1279
2939
220
65
7274
1563
3962
289
3039
1369
3419
6799
7921
7346
7120
1748
4539
4299
3823
2292
4621
4884
4223
9062
8489
1125
4455
8054
5306
8760
2865
4773
5078
7427
3956
3211
9782
6962
9767
4030
4353
7701
4775
4781
5772
7490
6941
2140
4542
267
2075
8133
9305
2761
3076
5628
8739
4151
7501
9283
3053
2251
8585
6746
6124
5463
3742
609
4550
8005
3704
7298
1970
5309
8275
7642
5304
4255
4776
6051
8790
7480
1834
7340
7326
3722
8968
4312
5809
2302
7936
4251
8088
7605
1011
4893
8494
554
1936
7399
9124
140
6999
8044
5758
7646
8156
2520
7001
7761
1833
3971
9103
7023
8510
8029
1849
2503
1738
9566
7307
6427
3124
9342
2386
5394
1984
6067
2393
5511
8229
2648
1514
6629
4964
4801
9110
5659
6451
2197
3610
5746
8872
7718
9237
1809
4394
7702
5967
9630
7760
2362
3068
2961
4095
5993
1684
1486
2350
465
8530
8646
5158
3577
286
2781
4613
3611
2745
2746
6482
2393
5530
9925
245
8972
7545
1679
9978
8983
9540
6159
5923
8487
2165
1728
4821
5643
6923
6659
4814
4642
3108
1646
4198
1916
3778
8277
1277
1049
1963
7343
9448
448
7013
8441
9717
4152
1833
7483
4355
6018
4303
3266
9133
9704
5460
7410
1363
1761
6786
2805
5521
4253
4314
3570
4315
3583
3143
3038
7948
4093
2452
2741
7577
4415
9569
6062
489
6514
5263
1428
3777
6717
923
1297
9865
910
2696
5875
469
2686
8285
6356
7217
4869
5488
3426
7379
2399
2766
6499
2829
6737
3656
1102
3785
22
6692
9155
4982
918
8015
1107
530
7629
6573
7609
9043
611
4387
596
9761
7416
1329
4964
2509
4808
4699
1260
7118
5601
3614
1641
2611
1836
9512
2682
3981
2978
8998
5515
9776
6293
8713
8377
1597
5203
5034
396
4290
6915
5300
5264
2763
5957
7526
7250
9689
4141
5957
6031
3305
5778
561
9374
2879
2206
9648
342
7081
619
6491
8065
1525
1878
708
7523
8665
8380
5281
3961
9055
2027
5950
1030
3690
7890
4009
4917
5165
470
6546
7576
9885
5204
5594
6615
4027
7220
3642
3251
7999
5123
3744
4901
3789
1185
805
1973
4490
3514
2474
1118
9714
5494
5992
9600
8398
8002
9697
1830
3410
7323
8490
470
6826
3911
9296
5119
5975
4603
1895
7978
1733
9119
321
4795
5995
322
2982
48
5237
4791
4395
7196
3939
9712
9333
5644
5715
5911
8636
6106
2561
8742
8063
3192
9387
2179
30
2830
4006
6353
1809
5842
8654
2093
4125
9680
5339
8091
6649
1236
6607
6060
3174
7834
4155
1299
2884
8931
6116
9713
1852
541
3357
446
1830
1577
5684
8724
3751
1085
1020
2782
9326
342
8738
613
5824
77
2278
8227
8469
6016
4591
533
7882
9717
2429
5442
4948
1744
6428
5262
1773
3436
6160
8777
2270
2510
9577
936
6784
7558
5014
5413
1292
6149
6245
7455
9031
4150
4300
5081
2171
6136
4482
85
6134
6917
568
2320
5111
2552
3932
8797
6708
5806
8202
1463
6909
6064
8026
9516
9598
4746
5789
1329
2225
2128
4696
2862
6038
6391
5154
7005
6466
3566
5905
8221
9738
6340
4970
3378
3752
646
1140
1831
2053
9464
9780
5523
6635
4321
2484
85
8004
4042
6869
9524
5597
3486
4843
1678
4823
3036
1692
4252
1820
8535
644
6577
3602
7595
133
7073
6419
585
9226
2653
138
6600
9655
5313
6132
2156
1193
8409
6631
8475
33
503
639
123
9993
5734
7819
4148
2574
8841
5874
6867
2798
6607
738
3654
146
9016
1207
896
2526
2994
5437
4203
6129
2164
5633
7158
8696
5430
753
8745
3305
8567
5541
7703
6873
4898
8515
5028
8979
4850
7994
5796
5585
6447
6174
7698
959
8524
3553
389
3917
4644
101
6950
8923
7105
2398
857
1423
4088
9983
576
8244
2478
8483
116
6688
5461
976
1883
5174
7131
4201
394
4982
4540
589
1254
7400
9117
7746
2459
7252
4221
6275
2304
1693
319
3337
1259
3336
7516
3600
6311
8101
8000
1802
1461
3950
3634
6637
529
6823
6349
7640
2413
742
4322
6932
4690
1555
9299
8978
5661
7018
7575
6367
9776
4943
86
2041
1985
3825
1236
4158
2307
3351
5825
2458
3816
4744
9679
6664
8210
8574
4729
2864
7032
6042
3159
6068
6960
6802
1698
886
9821
5814
6877
2972
4574
7145
2107
8780
1184
4063
9132
5930
7539
6437
1447
2155
2531
5540
7716
9761
8923
5841
8844
687
133
5795
1101
3106
1031
1744
8159
8975
7106
6766
3504
2929
3570
6671
3280
7320
7445
7187
4821
4194
2566
5073
9621
7924
9244
2163
8443
8472
8707
254
5831
5970
6316
2726
2041
9454
7873
350
3112
3148
7588
5630
5198
5238
4740
8395
9595
3228
4973
3179
2753
8237
1408
2845
271
576
4546
5073
3545
5928
5819
7540
7216
4376
9575
7454
3253
3327
9963
4300
8166
5578
3528
7321
4646
9278
8233
2260
5881
853
1520
3181
395
7566
5581
8392
6913
7952
6446
8851
7351
81
810
4584
568
688
7807
7971
5821
580
9591
7372
2400
9727
5751
6918
1909
9218
2284
6973
1711
3945
5888
1507
4080
8370
648
7483
1776
3438
6281
8656
3310
5101
5830
7261
7359
3415
4559
2377
5062
1749
6693
6542
7092
5016
5054
9279
7154
6845
9182
8987
2012
5130
109
6853
3341
2579
9540
5995
7981
6531
5152
1590
1625
6844
6750
4876
8032
4662
3945
3966
4006
1235
7316
2371
5952
3197
3220
157
7338
3354
823
1839
3663
7469
6399
2229
1503
1850
4709
4540
1171
4928
2279
2871
8227
6310
8314
6602
507
7200
9106
1950
7963
4253
6958
8594
1810
975
9532
7895
9757
8140
1902
6411
5436
7843
8325
1756
3774
5820
8251
3776
3232
2746
8309
9468
8528
4443
5154
2409
3129
7191
7132
5760
1177
2632
6894
5205
9366
4221
9643
7005
8689
2662
3794
1562
6193
302
2961
9198
6647
5295
4794
6727
4070
1607
235
7550
3353
5916
7571
6226
6913
835
9138
5728
2879
4839
7978
8419
1900
8004
7299
496
2517
5642
4694
5184
674
3398
971
749
1390
5435
9660
8739
6628
4414
332
5634
3055
708
7518
9894
4071
5855
1460
5646
9812
7863
9198
2166
1809
704
3769
7805
7526
9938
5876
2543
274
9583
5361
2816
1057
4
3950
33
6001
4317
8222
7291
1302
9326
2152
3418
9328
3099
6079
8780
6072
2623
5322
2839
9611
1700
2367
1020
9807
744
4751
6047
5489
1283
6733
1908
4189
7721
1087
1891
5828
9748
3543
3098
106
7371
5127
4012
1171
1393
9682
8579
2109
8411
5391
3025
6159
375
7874
4843
4588
4317
5499
775
2380
6717
22
8390
1068
2292
3443
7518
6345
3584
5403
9461
8859
9065
9165
9741
1619
3157
3171
6958
9554
4325
382
1970
7659
9010
7386
7008
2039
7765
9688
2952
3322
2881
1
1142
2524
2373
2828
9437
5225
983
4426
3456
9450
292
6229
6706
4743
2738
8128
3702
6819
5645
1855
7978
2834
3622
1012
8567
8450
1010
5159
2970
3102
8293
3642
5110
3197
2358
8002
5764
9329
2166
7362
9806
848
7920
2284
2165
3983
4582
5149
2954
8455
183
5306
1866
8403
3667
3640
2782
7203
1131
4047
5974
6923
3994
4197
1580
6737
5056
5595
1108
603
2404
9256
3645
2902
1367
2101
6697
5356
1378
694
625
3987
5736
3329
362
1252
2862
8443
4074
1858
2534
7797
8702
1947
5322
2693
9664
9762
2897
3317
9334
7012
2268
6950
1594
9515
9380
6380
7109
533
7052
7524
2385
5213
3802
5857
7368
5884
9249
5854
1437
8771
1416
3458
7925
763
645
8383
5480
8474
7599
1358
3167
8358
8574
4738
2967
4151
4840
5363
6263
2867
356
4272
658
4927
1295
5259
3599
9676
5901
7507
59
8948
5647
9269
708
5315
1695
3495
8335
4699
1152
8331
3409
1079
8435
8352
8452
9909
5165
2190
1058
1386
5119
9130
8730
5023
6722
5610
1562
9371
2737
7528
6560
2804
2954
1888
7742
2921
103
10
3809
3466
8924
4696
7368
7653
1284
7690
7902
8157
2583
2096
1769
6380
7157
6045
178
4923
1096
5285
2020
3688
8321
5337
8465
4913
3172
8350
3582
354
5974
6288
5717
9273
2998
1057
2975
7564
6414
4100
5721
2910
3341
9434
3736
7127
7117
5324
6437
4727
6456
3267
9316
7398
6267
1945
5080
2474
4826
6405
6427
9680
8299
2589
7724
9270
2195
6983
2140
8322
4793
341
2263
5937
9887
4600
646
1554
3830
7414
9416
8783
5001
2109
585
600
4392
22
5728
7314
1998
82
2971
8028
3928
1087
8425
2446
2511
5996
1120
3952
7463
5032
9054
7711
9645
8790
2240
5162
140
4598
6067
684
4536
9949
2911
6491
9794
5865
5422
8945
6431
4161
7339
6428
4682
9330
8268
6269
3395
7389
1801
6822
5006
6729
2286
2509
8223
3147
9631
1728
7545
4223
1963
7331
586
9481
4524
906
851
536
2310
3993
146
5796
5090
6551
157
1361
228
9392
1182
7873
8993
2027
6642
8107
693
658
9413
8684
7101
3887
1599
5943
3254
8890
9382
6319
1086
4580
9889
3395
1042
8221
3226
3392
6099
5382
6726
6067
4634
4783
4292
6696
9177
928
1195
2396
5573
7561
6238
9331
378
1412
587
2344
2652
7778
8654
4384
9290
4535
9816
5557
4430
8083
499
5394
3816
642
1164
7091
5145
6042
1357
460
4452
2287
7251
8146
7805
2353
5557
1221
6132
7840
7661
4375
4264
8426
8846
4225
9912
7962
9141
9388
5663
7054
4204
7926
1713
4053
5091
6261
9526
4293
5049
7633
9135
7442
1547
1082
9228
4607
7268
2193
8754
6879
3189
1436
7263
4527
2529
2361
6000
6164
5564
3293
8699
6693
4698
9064
8745
6014
9189
4999
8341
6224
4090
2927
9256
8733
9310
4212
2752
7852
9917
5484
4755
1293
4011
1039
7182
2722
1818
348
3945
9884
7627
1893
6599
3004
9784
7575
7245
138
304
5950
8921
6712
2353
4528
7002
1187
4541
2563
9576
6939
1209
8064
9116
5695
9977
5129
4908
4302
9788
7755
8662
2645
1380
5402
1539
9206
7996
8124
1681
5631
1280
1263
2683
6733
4300
5601
6256
178
2445
4078
3756
9006
2532
4596
4076
8592
3477
2302
63
6545
8831
7888
5213
7756
7997
2410
5471
7384
1592
65
6591
5690
9740
9104
6873
1014
1523
2519
2825
4714
5865
7916
7398
1664
4186
5932
3304
7518
6855
4336
3116
4509
1270
8237
1711
6993
5961
4999
2792
601
6856
8629
7156
7698
9679
6482
51
4233
7047
8056
7932
6692
1269
968
4728
6030
4396
2756
3503
7742
6544
9747
8866
5150
605
9461
5909
3514
2984
5809
9080
3274
2054
7568
7849
2583
2230
1435
3738
1938
2173
6963
7563
7482
3623
8682
8341
4294
5617
2473
2664
6645
5311
5187
9629
1528
3380
9547
8843
1667
6716
716
2782
2471
9930
6
6307
3864
6878
6841
7914
6783
3400
5222
6227
3177
4244
7940
8459
5003
6235
1795
1375
2889
756
3827
9122
5587
5874
2966
6493
7717
901
176
7662
3460
4077
5850
8534
5899
6911
2616
4093
4441
4911
9965
5407
8492
3472
3346
2692
5293
8587
7747
8925
7569
2460
2973
1821
7588
442
3895
3740
7316
7188
9663
6924
5378
9310
7513
9993
5986
4099
2359
7457
2270
2412
4911
5925
6519
1227
9379
846
756
6529
2854
3656
1133
6082
4094
8225
5812
6588
5018
7811
6800
2868
6497
8113
3657
7077
5154
6296
9389
6508
1129
6566
8248
5373
2445
4664
7778
5804
9282
947
7802
293
6537
6830
8468
4471
893
205
6491
6958
4847
3444
3155
8991
5733
9792
3269
6575
3781
8333
3924
640
2556
8931
3160
8149
6858
6539
8058
1345
9364
6838
5370
5972
3105
482
8486
5912
5173
3748
1502
8949
2323
1571
8854
572
5119
9264
9698
7890
6508
6165
7998
582
288
8187
7130
1206
2151
6863
2088
3906
6074
4722
2601
3320
8593
6881
4335
3680
2325
2540
9512
5830
8892
7734
5080
3673
5534
4677
8826
2808
4064
2875
2556
8106
7560
1735
2196
9952
7892
2956
935
5732
9030
1635
6260
7479
7250
5319
4279
1976
3869
4782
1885
2086
9231
2696
6606
1707
7264
4429
8679
7419
6274
7793
5335
7258
1092
8504
5177
2144
193
374
4129
1067
9172
9866
7417
4611
5924
6598
8675
6841
2627
1726
5380
5663
976
6265
320
2290
2571
8148
2219
3774
4510
3173
7960
5263
7865
702
8944
7147
3461
1193
3799
2979
1333
7892
1010
1842
4684
1416
6620
260
7097
947
344
9007
8783
3944
240
7355
797
4070
3178
5405
8514
7710
6808
5286
2851
2558
9699
5008
9041
824
5184
3651
7908
2414
7066
5949
3343
9470
7276
8134
5269
7823
176
8283
2273
5045
5165
988
5133
5122
3124
2330
6707
3194
4749
3685
1636
492
6021
7133
2747
7762
8092
2758
6291
7882
2352
3888
4139
9832
2594
8251
597
5058
5272
1392
2183
8463
8881
3343
816
1633
4162
2295
7684
6422
7900
2348
5263
2218
2541
8496
8206
378
9175
648
5050
2222
563
3019
8811
5824
4866
837
2370
1204
2843
7578
5042
6376
6364
3390
9502
5619
4116
1027
6213
111
2489
6296
3264
4884
8556
5744
7001
1802
2175
9126
1165
8506
7865
3512
735
8106
9231
51
8882
4483
5212
5787
59
452
279
6180
3337
7603
1697
3937
1730
8665
9958
9165
5896
3314
2548
7210
7179
5600
3956
7732
9017
1951
6996
2032
2858
7434
5277
2369
360
3701
768
1442
5450
3229
5431
3147
1630
7721
5573
2263
2134
9829
6394
9006
1481
6796
9178
6314
2012
8326
661
6779
8590
6111
1052
6187
7479
7169
4974
9900
1556
2842
3548
8440
5471
7440
7507
6407
7610
6194
7544
7802
876
3736
9677
337
5243
935
1891
7200
189
4723
8887
9345
7281
772
5218
3851
118
706
6213
8475
3613
9752
5999
3989
6744
8963
8619
3596
994
6811
3939
6535
1717
7558
846
3740
7616
2393
9910
9788
6757
7789
142
3960
8955
4570
4849
9822
9671
5853
6687
8381
1552
5687
1262
4809
8114
3794
8318
9363
4668
7067
6887
6742
3085
8060
7036
8544
4941
7235
674
6998
3924
1618
9918
3874
4851
3903
6771
4234
158
2976
7186
7885
4848
7110
4468
3870
5443
2389
9724
5138
8305
5778
8276
2491
6209
4952
798
8204
2856
7181
1209
5042
7346
3654
9570
6516
8061
3515
7505
2434
7906
6070
1611
3569
9174
620
3329
9839
4868
6501
1393
7787
9050
8317
2081
670
4423
2879
8415
5546
4744
1298
8650
9297
1071
5772
2987
2653
5415
4439
6557
3535
9526
5838
1539
1041
4403
7278
920
5340
5805
1027
9960
5333
4840
5359
146
6344
3983
6008
3816
2867
5104
5449
6403
3843
7140
7174
466
3037
6466
7998
6978
2969
1380
8465
3745
6213
2902
9378
9349
9563
7267
9283
548
9426
1861
672
3120
7860
8415
5100
2148
5322
1437
5713
4520
8037
5872
2379
7846
9044
8842
6124
1867
2596
12
2431
2367
2968
3356
5042
5389
6746
5100
4050
7652
3160
8925
1212
4008
7564
6001
5329
5021
9553
1312
5527
96
3060
4890
2592
9873
7118
9851
4731
6721
8088
2449
5824
5630
5812
2952
9831
4402
8758
5806
3860
4118
987
9809
2950
4054
6042
9815
9617
8671
7996
8810
2470
4537
6209
9651
256
2079
5043
4996
1258
8672
6692
4417
3451
9486
2050
5306
2926
26
8904
6310
2188
4448
6878
5527
4596
545
9752
9159
6128
2419
7945
7353
7152
2536
915
7792
9112
6970
2798
7871
4860
4347
3144
3536
7285
2329
9539
4151
3382
8737
9239
1365
6576
3534
6330
1035
7454
5631
1707
1355
1504
4875
1107
1147
3792
9706
8067
3509
8563
4176
3943
7695
2870
6677
2589
9793
1322
7768
9504
3291
6439
9178
2449
9177
8932
8854
4296
3018
265
4626
5360
9607
3293
1160
8706
6441
2342
1004
52
6784
3351
6134
8024
3259
7387
3268
5998
8563
5533
9066
6295
6453
5660
1667
6524
1884
4235
1553
589
5883
3396
7274
3055
5595
5910
591
6277
8172
21
3109
9350
4457
9002
3175
2155
565
1726
9065
1472
5156
3715
1415
6988
9847
9306
3716
6692
9254
4513
5777
942
9710
6538
9600
3033
1536
681
7348
7465
6083
3361
1865
5081
8946
5500
5908
5935
6933
9699
4220
6156
4758
7081
9003
541
9733
9086
7492
5282
6340
6595
5451
271
5195
8447
1574
4074
7543
4554
2939
5834
1375
6762
2418
2844
1851
8682
3520
4898
6211
1975
7856
8674
7149
3082
3326
2404
1310
489
7129
2106
5013
5605
7635
3519
5688
2956
5969
6840
4940
6882
3966
799
401
5616
2719
6529
4201
9308
9048
1617
1930
9673
962
2697
4332
955
8199
6919
1295
3553
6973
5581
8522
8064
5025
1206
8214
557
5372
8308
3550
2111
7105
9803
2912
2307
9982
8154
2169
1767
1744
564
1721
3138
29
9841
426
7586
8483
6310
3671
4998
8934
7578
3987
5591
108
6903
1934
4387
7920
3120
1145
6379
1571
2966
3217
9435
3141
3978
1051
2407
8040
9982
421
4634
3950
2377
6450
1925
4866
2601
2866
7365
3237
7811
9327
316
3137
1295
524
3618
1738
3920
8883
674
7681
7187
4799
7404
6625
3230
3703
4867
9636
5826
3358
7766
3080
7437
25
7829
109
9647
6542
2873
3624
1830
8290
4925
6322
5741
3375
2589
7893
5071
2264
8118
5731
8496
933
9489
9716
947
227
5545
1547
9989
3243
2438
7702
4796
9752
7675
6786
4457
506
6528
2311
4735
2638
9009
8586
229
8933
1548
4643
9077
6804
9909
8347
948
2289
9483
1508
6994
6297
5081
6285
9978
2608
5060
5174
5632
9498
6625
8961
1846
1729
7276
9276
6581
67
6544
7075
3438
6491
6998
8742
8119
7828
2914
9162
5833
9502
2045
8065
9435
8790
448
4886
6740
1658
874
7670
765
1880
4137
5310
5388
3861
6566
7546
2484
2376
620
8820
5922
7213
7616
1924
3487
3062
8857
7627
9788
1391
5687
4432
9431
491
5855
8676
494
495
928
376
8423
686
9648
4598
3445
9322
9797
9983
9244
3053
1745
5596
2635
2027
7903
7842
745
201
227
2562
1310
2494
7103
3183
1024
241
6765
2109
1853
4083
8976
4985
9826
6876
4227
4115
2962
3238
5932
1931
4182
7848
3302
1746
1732
9112
3759
5741
8940
544
1041
7176
3171
4410
6055
5649
9636
5446
8994
448
3534
5552
6701
2790
6914
8918
4399
1090
2615
7781
9972
6790
7207
642
3570
6420
8403
4029
5214
7130
1126
677
9943
536
1345
9414
5065
7494
9461
3251
4435
2087
6715
3349
4179
305
4310
2136
8965
1980
1798
384
9937
1712
4869
6822
1530
8468
3672
6470
7940
9173
3025
24
2710
3736
843
7570
7383
2127
2902
9832
6910
2144
6082
4326
2825
8394
6792
4163
9960
7503
4379
6695
4479
8496
2156
9559
2335
9984
1951
3180
3272
1743
5606
7744
3596
3533
5340
5924
9256
1975
402
2536
882
3329
419
352
8465
8032
8068
9968
668
7146
8093
9709
2102
6966
3399
6404
9233
716
9541
9682
6427
5904
9286
3072
3230
9734
2058
3911
7071
1012
485
6921
4347
3711
4020
1302
2386
3997
8663
6491
8516
4598
2828
2130
6855
6375
572
9560
1061
6764
7416
8516
3106
7546
4631
3148
1868
2426
7356
1433
2978
7671
3418
1652
1956
2433
4571
4065
2440
2958
7009
5528
7878
7766
6601
8677
6114
2455
6813
5260
3410
9811
5939
8510
1591
7134
9260
3932
9982
5805
6307
5122
4259
125
1619
9069
3411
3856
5459
1342
3819
5098
2701
5017
5543
4709
7018
8177
457
2244
2622
8258
9291
3514
2351
624
1199
6607
1700
5472
754
3718
8388
9981
9784
879
6471
8051
6248
4541
1238
4219
8243
768
9854
8596
695
1845
3444
1939
6060
7399
3283
2591
2228
8017
1727
7769
8861
1949
6405
7354
1813
1168
3078
9614
288
6716
1600
7264
7723
4310
2140
6634
9464
3447
2344
7198
1613
7604
6727
2545
3988
5302
9653
2781
9288
5811
8499
8202
1835
4230
9323
1774
9218
5045
1680
3116
3442
3814
5365
806
7078
6717
5944
8453
6862
9693
8652
8232
8100
7957
495
149
9352
5468
4772
4399
2366
4761
7805
4190
9527
4448
3905
4186
9452
685
7505
6609
5860
4184
3918
6925
4083
1897
5217
6841
1977
5882
3996
4350
8479
7275
8600
3500
5709
2819
3716
3798
8585
977
7444
3468
4535
4172
8408
6276
6302
5690
1359
1325
7179
3484
7035
376
6254
8139
2838
6890
1918
5941
1505
375
4604
7484
1047
6467
2856
8076
2160
6788
9615
7331
7933
8416
1126
8480
5132
8819
859
907
3880
2284
9015
193
7977
5129
3406
8606
3575
7082
155
1196
1191
2935
3545
7024
4119
8674
6274
1236
2002
3898
1802
7994
4251
2181
257
9287
8858
8224
2018
7237
4356
6050
3447
1442
5305
4649
3787
9036
9683
864
2039
1212
4804
6415
1200
9777
3778
5802
1272
9875
9925
8042
7282
7686
7108
5145
703
4176
7118
327
7198
7996
9797
9253
5498
4461
7878
8260
573
7001
4602
2320
9533
6551
8285
6618
1345
2024
9172
807
7288
2959
7888
6480
4650
1855
4429
3789
9044
5756
8187
3650
7394
5728
1322
7220
6108
8986
3059
2267
2636
4143
8207
6367
1843
1677
9035
9765
364
6192
2102
3225
5685
2019
9830
4033
3586
3675
796
7580
9198
4056
6758
8362
7283
1781
2781
7193
1045
5063
4596
744
4169
2787
9916
1517
6545
8982
2257
8570
2463
1803
4160
6453
2368
4856
1541
6106
5904
3479
2401
80
245
4955
8220
9485
4289
8917
4866
1385
1183
7304
3127
404
8265
165
7656
4824
2294
7484
2741
3575
2553
244
1611
3249
8173
6440
6876
6243
1758
2741
8157
1257
1324
1724
5634
352
7616
1228
7138
6779
593
99
1510
2384
3214
2881
8497
7458
9255
514
1400
9723
1487
351
8563
4556
1326
8555
9843
3976
1565
8258
7641
6590
3878
3552
4775
5002
2593
7038
2209
6409
9577
40
2135
6175
9007
2975
4372
7356
5336
9699
5731
9250
9582
7666
3624
3008
1798
7995
3038
6640
5377
8328
8009
6251
3167
2085
2835
1729
3692
4528
3376
1072
7343
3841
2580
5899
1778
7160
1241
6676
7169
6390
1882
1033
2993
5960
1709
296
6603
5461
9780
2400
3353
1632
4503
9609
1934
816
314
7536
6415
6551
2629
9811
1998
8350
7531
5696
9151
5994
8901
2484
3799
2493
5478
5023
5733
7287
7543
3686
8495
2368
7120
6924
1973
1777
9329
7858
8880
2030
6565
6277
2505
9645
317
7909
8724
1898
433
5801
1680
7180
7801
1565
9858
179
4990
366
403
1293
491
5021
8881
3911
3100
8069
27
749
6414
3008
9581
4350
5108
1073
2786
5481
1754
1250
7482
7465
9167
6095
3482
9981
3189
7941
8823
6929
2644
8400
6664
5296
4238
7336
6454
8458
2312
2480
4412
8024
1398
397
8581
1088
9690
3105
6961
585
3448
9021
8477
471
9326
8692
6343
90
3524
7708
8965
7000
7482
4520
405
6853
1224
8137
3972
3862
7560
8330
1784
7221
8754
3734
951
1040
2542
3595
4204
110
8143
8913
3396
7565
330
5538
6161
5915
773
9088
610
2085
30
694
9051
3052
8722
4575
6126
2187
2419
2631
8669
1029
9554
3726
9527
1057
2520
777
4694
8982
6989
4331
1839
4216
5678
5859
7489
1926
1512
3513
4457
8573
5583
9292
941
7982
6482
7678
7413
8918
2323
9605
5442
8276
5050
8278
6250
7140
1291
5109
9630
2966
620
5199
9493
3364
6615
831
4445
1033
7690
8069
3637
155
9438
6893
8583
2612
282
1392
1576
4859
6389
2700
5536
424
8820
8474
5691
1207
1255
313
5694
5568
4133
5369
2658
8557
4399
8055
5947
6126
2654
2940
6335
6090
4211
2837
5722
9662
2086
7070
3663
7468
5066
6936
5227
5737
8938
7706
4695
3098
8840
8218
4111
9166
3112
3764
6016
7453
3926
420
1629
7733
5702
5178
3006
7604
8776
7620
4779
7778
5124
3631
5697
1681
3178
266
7051
7962
6487
686
9490
6749
7061
2411
6971
3292
3269
3276
5934
6577
2194
8827
3565
1233
6327
3442
5079
1553
7292
4427
5154
7168
560
5772
3453
29
5618
76
2620
6746
7497
1724
6993
2879
3799
3544
7786
3331
8438
6084
961
9114
2038
2965
4791
5217
4606
2410
1693
5949
6105
4309
2952
1544
1835
894
1259
8422
880
9384
1895
8710
1481
7701
2862
8643
4871
566
2852
8092
551
253
5048
3358
8061
5491
1404
6855
6492
3049
4686
7996
9846
9056
2683
3598
4601
8059
9789
4128
123
1750
1147
8561
3113
9351
8389
7001
1487
116
3459
8434
7600
199
8161
3528
785
5298
3418
6123
5708
1843
2454
3722
1488
432
4681
4667
3710
3830
613
5274
9106
7836
9184
8632
8109
4980
8227
5935
5205
6036
5892
372
9005
6959
5976
5325
5609
2928
6149
6347
386
304
4630
3689
4025
9302
7070
7143
3370
3774
8256
4549
3184
3869
1283
7366
260
2218
5249
5308
8165
6900
1964
9545
8017
1103
5392
6368
4074
1785
180
8611
9291
3707
8260
5785
6698
2489
3034
6000
4515
5548
6665
4465
3778
6732
1690
8834
2087
9871
9250
7915
586
7964
5137
7427
1131
5502
2909
208
1717
609
6651
516
3994
4706
3359
566
550
9860
6799
8453
7821
4096
950
9107
1340
2354
720
1703
2588
7195
4906
3453
7552
8930
7531
7314
4835
2319
5113
1192
7592
9939
885
888
6710
5506
8028
6489
4083
4298
8238
4118
9426
1219
8714
6974
5743
2618
8035
2818
901
122
3287
9025
7380
8632
143
5220
7117
6790
8430
1734
2354
2904
6358
328
7690
1802
701
1593
6801
4233
3239
259
8266
841
694
8982
9777
9431
4516
9367
7310
4776
291
6270
3911
2749
2281
9268
8965
4485
1506
4850
8853
367
9538
3550
8026
1226
4140
8717
8595
8189
2770
7602
822
5293
5491
8458
7150
8059
4669
1576
1659
6840
7596
7862
2085
720
1217
134
9249
290
5930
4976
9477
313
5628
2563
797
3535
1261
4403
7775
4394
4658
4490
7775
7904
480
5406
4212
9380
5670
4911
5558
5364
5600
6373
2821
7520
9876
6489
9394
7458
6114
8302
5264
6609
5801
8637
760
2384
187
5105
5050
5211
8512
7735
398
7307
1885
289
6252
47
4652
1428
36
7258
636
2815
6982
1160
7988
3269
2355
8013
1041
2338
2624
877
8285
4704
8904
5104
1873
700
6502
9777
7916
8254
3069
2687
3318
349
8727
1899
8905
1621
5388
2925
7959
6739
8700
5524
6870
9450
9620
577
2369
6105
7835
5425
881
1424
7900
5180
4778
3943
4493
1251
7295
1955
4030
8200
1249
6491
7527
3025
9310
5683
1843
2481
7994
1507
7184
289
3372
1381
6720
9077
6098
4382
782
9071
6875
998
9973
5278
3564
5139
3354
6177
8714
7344
2779
2404
3138
656
2660
3527
3548
7896
2808
8689
8926
4323
5298
2646
7683
4337
1004
6616
7769
6422
906
2247
3652
254
5422
689
7105
127
1212
2314
3519
50
2380
2736
5153
6147
7165
7427
9582
9203
3596
9290
1041
2111
4588
2689
407
9678
2779
3915
3682
9707
6586
4639
552
8613
656
9065
6852
6888
277
8596
2087
2946
5414
8232
3634
4995
1064
3507
1599
4672
6223
2138
8146
6352
5685
5096
1756
6954
1174
3061
5734
4066
2042
3492
3375
9725
36
2645
4702
8960
3694
5790
9845
3649
4023
348
2996
6167
6646
53
8472
6514
394
2757
6499
6955
2431
1722
9399
1621
6916
6474
7993
6194
7046
3392
1296
531
6166
7525
4743
3288
3361
6117
9134
1580
1398
7137
4128
2431
2479
3440
1018
3667
4542
927
7710
4171
8421
3023
639
5272
5549
8578
6529
5249
2835
3655
5656
1832
5670
9843
1943
692
2280
8515
4692
681
1186
604
1806
4409
1321
5685
2311
4492
9585
215
7138
5727
8973
7808
1183
9813
8342
3258
306
2826
2589
7721
262
1575
4066
2473
32
2744
4653
3940
9364
2592
5619
1597
4429
685
1414
3466
5884
3978
3271
2687
1869
7033
7775
7521
3630
628
3074
6712
6517
7351
850
40
1963
1292
5726
9379
4009
770
5714
1172
195
1621
1445
1644
1320
2283
6044
6679
3490
1307
8973
8954
1768
5307
2367
9724
4726
4860
525
8274
190
8307
3239
9608
1522
3760
3402
919
1462
4687
2015
8445
9803
7799
6001
8185
1250
6497
7302
1928
1538
4045
6076
5436
673
1575
8398
8913
6471
6081
3679
2910
9736
6057
1388
286
9929
9071
7664
8881
7330
9641
3110
4427
1345
8161
8839
6061
7426
2154
2327
1843
6291
4653
4093
9047
9026
7203
6922
6913
2778
8455
954
4480
4192
7091
1275
1822
7796
4333
6109
7676
1251
1818
2835
7068
127
1588
6862
7830
249
4957
7063
265
4040
7154
191
8862
8144
4262
26
2020
2671
578
1943
6205
5220
1893
9950
3944
6029
3055
513
7012
4269
1602
2675
7578
7954
9868
7352
9056
8724
9461
2275
5184
9409
714
6299
5864
7920
3600
2619
1250
1489
228
8001
5739
1798
9315
6430
1420
8061
5188
5443
8349
1697
140
3674
4905
6974
2656
8827
5577
2816
6583
4239
5847
295
6765
3688
8639
6105
4666
8499
9152
5932
3960
1662
3683
4841
2524
7012
1252
9641
5414
6392
6428
7161
5844
4810
875
3216
7535
4454
8634
5040
589
2531
7408
3901
2562
9554
4669
4239
8984
7724
9770
5564
3897
3894
477
6491
3596
8209
3095
6251
1605
2621
5835
2846
8171
2909
9100
1008
1241
2537
7620
1523
354
2634
680
9683
2856
7044
8265
3998
3968
3220
2197
2396
3551
6128
2314
8533
5759
9995
4178
6694
6076
2031
8042
2112
9837
6181
1542
8418
4382
7085
8839
4022
6457
6358
9256
2312
6002
9053
9688
9468
5480
21
5834
6293
5493
1130
4573
7542
3132
5478
9190
2538
7853
5073
2690
7327
9462
531
2296
9033
3607
1104
904
7980
2188
6618
77
7367
9188
7120
7213
4449
4176
9143
9030
3217
1837
8718
1304
5875
4660
6013
5504
4210
2584
2550
5476
8981
8794
2058
5494
816
8283
9841
8291
4179
191
307
239
1561
3380
7691
2201
4366
3914
6058
1822
9662
340
7628
3660
9447
5509
8265
8785
1552
6548
6856
692
6661
3253
8022
2096
776
5915
4472
13
5568
3853
4091
7288
4984
1424
1644
3292
9376
5740
9015
8588
7586
891
8617
9500
1748
1853
4616
9361
7913
6626
2322
4256
7200
25
645
984
5498
4596
5475
8300
4997
3257
6390
1285
9852
1046
93
5636
6553
384
4641
6
8678
800
6971
6682
3902
8473
7016
9992
3159
4179
5905
2450
5151
8469
4624
9481
7333
6026
7522
4024
9005
5702
7056
6865
1912
7104
1596
6964
820
6934
3141
134
9589
9880
6566
7622
9031
8818
4820
1179
9717
3333
6072
3159
2732
8754
5230
8378
5289
1011
2042
9759
7411
3129
2113
4977
8458
8448
3081
383
9772
2627
6603
527
5322
7343
9362
2964
1101
3140
6327
3517
4970
4095
5946
2789
6442
951
9023
678
2356
5677
8174
5248
8187
1464
4399
210
5419
7835
8950
6689
2057
9632
9697
6536
5131
3028
3782
5119
3775
5881
9246
154
840
241
2571
7909
8382
5335
9061
5883
4247
7245
4873
2361
7205
2969
9214
807
8904
532
1500
28
9730
3925
6378
5190
860
9869
9263
9664
7935
5841
909
6395
6843
708
2462
3589
4538
7788
3181
9713
3709
6520
6794
19
8683
1296
1935
7289
5899
6095
451
8051
3469
4230
4969
2956
6043
1890
8363
9393
7886
2319
4634
1424
424
6220
1335
180
7638
616
4185
4317
5900
7754
3676
7797
1996
5354
1360
5480
6483
2798
1059
4330
8349
9815
4915
2153
6413
8856
34
4080
2080
6533
9573
9278
3521
8805
8956
953
3466
5818
2969
4884
2444
5144
9750
316
6125
2543
3347
7444
7658
3749
6711
2005
2878
5021
9078
7347
82
9154
6013
8678
5185
9481
677
4606
1575
171
4006
1656
9008
7591
9697
7766
8247
4268
6610
6529
1061
7038
7183
3068
6036
1094
1743
1824
5905
7637
6389
6186
7108
5147
9415
8044
6328
6216
5140
3401
5692
7877
655
5936
1638
962
331
2848
787
1354
315
2593
1386
8786
8036
5451
1205
3972
6675
4502
941
8484
6236
9679
5436
4802
7226
6343
3111
1567
4668
3407
4563
143
5307
949
2921
9308
2546
3169
169
2078
7015
1184
6468
5902
8327
1280
169
6139
7528
9647
8736
3456
2449
5159
4940
1062
4694
5409
6080
788
7770
4269
8391
1429
7803
6566
4506
1081
396
1675
1009
9425
3887
281
8108
1757
9554
3302
4806
5903
8083
8231
5109
1476
8940
17
8675
2628
169
4161
9740
830
4210
8668
6019
5926
3962
5209
8527
939
4962
3358
5737
9321
345
6764
7495
4574
5770
4086
5608
9644
5821
7234
5894
2081
489
7186
905
8898
9380
797
8533
3248
5909
1198
7649
6387
283
4659
7350
764
3935
2001
8394
8020
9928
10001
3038
6439
2382
6967
6337
4375
573
5384
1901
9648
9287
8109
238
3485
1657
4983
5593
6784
9490
4003
554
2493
6897
728
9250
1959
9123
5804
5920
7949
7199
4746
7867
6105
7105
6777
4520
9065
3043
1217
9534
5791
7467
3815
4785
8350
4836
7328
7431
5048
8374
783
5829
4345
3195
8661
478
1227
9680
4274
6938
2891
261
3992
1433
5816
4453
9351
7095
1425
29
9928
3578
9385
8866
6081
6921
9303
2175
4592
4167
9713
2487
5840
7760
9343
5473
4794
2144
3457
6098
4944
5549
2473
8640
8964
1489
9911
7232
1121
2256
1620
9875
3261
4698
8808
4206
1675
2607
2687
8934
1568
3628
3849
1405
3945
9454
8527
815
5900
2224
2298
4070
7804
1243
3673
8101
370
9415
6723
8579
254
2135
6774
1257
5530
6145
8856
2328
7291
4492
3284
5991
7178
7375
1338
5815
1958
1020
5881
2001
5219
3316
3005
9481
8153
1068
789
4059
4152
8583
3845
4334
7763
1108
824
2375
3729
3640
7334
1125
3343
6577
3686
3419
399
9632
9222
7538
5383
9070
2146
2531
7019
1632
9059
7825
1797
8757
50
3156
7841
4657
944
4762
3530
2408
4723
4145
3855
9388
899
6054
3063
1918
5300
9575
904
4136
2128
8898
4958
390
8342
2944
3831
708
2225
3920
3788
4639
2156
1416
7310
3872
2408
546
6325
4664
3076
2733
4548
1151
205
470
14
1453
5810
8632
4725
9202
1892
8555
3533
2443
9293
4829
5457
7862
5049
6921
9960
6280
8844
4338
829
9171
4765
2104
902
9952
2451
4909
3692
331
8133
2469
3345
6567
162
5177
8691
945
7586
5801
5180
5960
1859
9604
1331
2479
9929
8101
5694
5371
4392
7046
8786
9977
5030
8845
9177
6720
3401
2978
2076
5633
4855
1538
4771
869
593
7976
6678
4441
4485
7413
9607
3822
7543
1177
1381
4235
8496
7037
2007
9290
8188
3605
3042
5409
1015
4264
8143
3588
303
2585
7181
3313
3418
8767
3539
5278
2656
4622
993
9544
2616
5021
6559
9531
6959
4584
918
4417
6734
9336
2592
2064
8931
7586
2245
9278
2006
800
8257
7719
6711
9845
2931
7009
6493
6111
3678
9899
763
2266
7844
502
3130
7405
3376
3514
1630
8730
5136
7533
1997
4915
3221
6558
3911
21
7859
6016
7774
3603
4845
7993
8479
1719
3689
7848
1717
1157
3517
168
4677
2994
1301
9695
4794
3514
263
4435
3164
4986
5262
1899
9366
2691
3369
9721
413
5443
4895
1896
1617
86
811
9581
8933
626
4622
2044
217
1327
5954
971
2156
4842
7042
4998
3308
5659
4798
5695
745
1287
882
8866
7894
5536
556
9153
9556
5755
9775
2231
978
1643
6899
4551
7233
1995
2275
1304
6994
6939
82
8829
4462
302
7573
1419
3650
8636
4492
6917
27
3310
588
776
8604
7233
7019
1017
4331
5294
1851
1292
1521
8583
330
4231
3791
2323
2240
8395
3511
27
5154
1194
693
3279
5602
3233
1757
9818
3628
7133
4711
8139
8241
4217
3342
7322
1094
1605
7890
8234
4823
8524
5119
2502
6874
6452
9531
4447
2435
8750
2164
1001
771
5666
6310
2135
1434
8367
2816
7354
5976
5371
3745
15
4593
9819
4690
8332
1573
5558
8974
7196
3829
8409
734
1799
2982
7225
2459
3771
5470
9989
4426
6121
9652
1438
7138
4988
9781
9819
4222
3066
7130
8504
630
5000
5900
9256
2034
1779
6392
3707
3204
4025
4811
8011
6869
8946
6372
6898
9510
669
729
8916
9712
1570
2563
825
5545
6376
1069
3315
8520
6088
7292
9916
1886
3251
1639
4160
2271
1874
1094
1825
8245
1401
3520
4416
9105
5944
6937
7109
1335
3849
568
140
3034
4783
5326
918
8791
5699
5248
4844
8468
6358
4660
4101
4347
1855
3211
2075
8770
8975
2380
3673
6685
4552
5284
1942
1654
1786
951
2514
4076
9560
481
1535
4609
5933
6710
1059
6826
2682
5286
4188
7890
948
1239
3323
7684
4217
3624
5836
202
4992
7167
205
5130
4342
9502
4543
9837
3452
7303
2115
23
9571
350
4253
6633
7242
940
9962
6884
2697
8129
6324
7043
8367
8496
1877
3654
6516
8033
305
5667
3524
1808
6679
2281
4657
1158
760
7374
406
4683
1694
2312
5446
5978
5496
3957
5983
6614
2660
3065
8849
9006
4253
5300
8245
5936
8545
4008
8453
4516
7431
5608
5752
5920
1625
5345
1619
9533
2985
6825
839
1006
4368
5859
8006
7332
8194
8135
7642
6479
7302
7865
1046
8053
8792
9037
302
9318
7915
3308
413
4625
8927
7371
865
1249
6265
4796
9440
3835
4596
4659
5788
9737
7714
7365
8976
7907
6987
4248
2573
2545
7136
5819
2760
4858
8474
437
7539
5011
5968
5113
6504
1361
967
212
5506
3781
4777
8022
1190
7863
4758
7009
8928
7609
1273
6564
3072
2466
2100
8210
4286
3670
2343
9151
9436
5494
4067
5482
9951
7661
1284
4049
2427
6847
2993
3418
1004
2106
30
3697
211
6836
247
8060
6151
9383
1146
687
1174
4396
9371
2836
867
3066
3693
2289
9404
8870
5454
9586
2296
699
9690
6794
2757
1265
7921
233
4610
7963
5933
5622
6312
4417
8458
8362
804
9878
3513
6893
9294
2675
9467
8896
8399
3317
2999
2581
5197
9620
2927
6781
3884
6560
219
723
4327
3361
4535
6247
9876
3690
8713
9553
5333
369
2992
4873
5413
1333
7060
4768
5841
8222
9780
5628
2793
1939
4585
2556
5187
5932
4924
5565
3053
150
8542
3716
859
6554
8332
7482
1443
850
8314
3154
3880
9334
3023
1625
8581
2551
554
3191
5275
3134
5534
5371
3168
2034
820
172
6461
7648
3706
5861
8734
395
6466
4234
6426
7074
8958
7956
6583
4774
5416
8565
8696
769
3942
62
8232
1902
9136
3126
228
6094
6465
9869
564
2782
4316
1246
5337
5370
9984
6759
4481
6722
5849
5495
1417
2292
3221
5336
6471
8561
3550
9886
6516
8183
2467
6916
7855
3380
3211
1341
1817
5815
8905
7019
8369
1788
707
8517
7232
6301
3799
4519
7855
1446
4357
7386
6171
2766
7624
4493
4063
9023
8463
1444
3085
1956
8606
5518
7521
7608
9891
5800
9886
6080
139
4101
203
7462
4244
4889
4629
7317
4962
7355
9671
8790
4499
9165
6121
6898
1274
2258
1739
4889
6694
3604
3071
894
173
6906
5007
6550
9229
8864
4584
4239
9665
3585
8925
3386
8958
7932
5488
4869
26
5319
296
5255
9293
8620
6024
7200
1051
388
348
7724
6382
8312
4017
9961
1788
8061
4835
3202
8890
5963
9351
8153
7886
9529
321
1118
3215
3466
9252
6620
5571
5353
7055
4875
5905
7535
7653
312
7103
769
4120
4432
658
9505
695
5670
3786
1467
9714
6839
5947
3418
7858
5416
7686
4997
7162
5538
6607
3676
936
9117
4046
3451
5769
233
3401
9071
4211
7176
9203
2012
616
884
9258
8818
4825
6130
5446
94
5483
6739
7795
7271
2628
276
8843
1350
8327
4753
7676
9512
6048
5901
1276
4353
319
1493
8125
2993
1678
6672
5167
3877
6799
3004
9742
8154
7059
3810
8533
3449
1221
1970
8542
8777
939
7276
2982
2345
1578
4263
669
6654
890
8014
7161
6477
7454
1453
7146
9068
7415
5241
8371
4591
4574
1770
57
2644
3461
5852
2841
781
3626
6937
3637
5784
4031
4343
2389
1424
6966
9936
4608
9418
3104
1403
3332
60
3024
5788
3469
9495
9208
1173
6977
987
731
7272
1273
1822
9586
7936
1957
8812
1825
8082
9967
9499
1577
1615
4256
5935
4303
7153
8830
6431
8586
2434
4663
1320
4458
6853
2304
1096
7582
6450
9688
2292
7824
9945
5306
6790
6603
4569
9789
3609
8004
1646
910
6311
3930
6574
1003
6122
6817
9342
6027
3170
6852
1583
1955
1773
7400
7223
5779
9084
1868
1276
4672
9732
9081
263
9283
6209
4911
1760
131
5762
3078
5735
6738
7411
7748
4986
9573
4749
8264
2976
3750
8175
8735
4199
1809
8055
2686
5875
632
2619
7064
4831
4173
8746
4903
111
8103
8729
2779
3798
5269
2217
7128
4251
3666
1820
1236
2939
9158
8986
208
3510
9892
2718
6574
2024
7969
2693
1765
4223
7957
3941
5268
2553
2670
5018
8595
2479
8665
166
2149
8131
8355
9546
9978
2678
9003
1852
3953
576
1271
2080
9153
3955
4890
7804
4721
8574
8439
5915
9289
7402
1125
3739
588
7839
5845
7765
7533
6174
7312
3874
7743
6198
9335
6177
9858
5687
7191
1158
3780
231
3957
6755
9855
9972
196
9384
9896
9255
7877
4942
2453
1998
7633
580
