1000
773
21
188
760
792
617
277
949
491
747
479
344
107
696
283
350
788
826
848
24
643
517
341
739
426
681
805
888
128
340
600
941
757
50
685
267
156
704
552
951
934
794
241
674
21
163
843
952
823
664
233
888
526
29
858
616
303
551
448
930
927
12
189
509
369
823
277
774
160
36
492
442
192
758
651
70
364
358
89
872
814
700
570
163
499
28
323
940
946
785
216
917
324
130
563
299
294
892
142
274
782
617
477
435
556
942
955
8
197
786
704
432
688
1001
431
382
936
337
61
714
166
751
812
741
52
516
917
741
489
353
953
940
629
999
374
810
919
285
387
455
354
664
353
335
192
915
444
438
763
964
107
819
891
108
407
332
645
779
994
353
96
158
154
778
96
141
532
272
270
599
79
891
873
513
739
945
284
789
909
392
422
49
651
56
973
444
621
307
280
805
170
741
97
363
296
284
888
692
705
29
368
779
41
579
864
676
158
840
696
743
842
309
893
198
334
682
447
779
827
13
484
841
28
699
659
829
250
872
780
652
442
87
724
516
454
492
921
344
616
255
439
588
457
750
332
445
200
385
258
219
697
210
920
733
904
829
569
314
910
364
852
629
13
388
437
444
352
213
308
386
913
614
9
263
598
292
98
953
340
114
678
884
917
884
765
400
60
33
969
151
729
305
862
914
320
305
764
205
209
579
643
805
109
170
677
829
408
209
250
714
119
902
904
567
374
274
531
479
399
891
506
781
498
24
179
225
292
339
568
719
675
416
501
118
980
279
402
334
206
890
966
81
516
849
86
872
783
390
496
804
874
812
112
733
203
677
298
668
79
514
129
928
94
823
844
904
189
925
220
829
1000
399
769
255
621
523
209
40
591
804
454
650
960
100
311
301
487
173
607
737
866
933
124
58
150
881
475
796
573
385
213
720
774
827
276
683
124
943
525
994
588
707
706
636
559
157
638
488
217
275
12
442
653
990
982
352
681
174
566
929
853
92
168
862
989
6
117
452
266
672
831
923
960
413
104
31
916
50
767
645
239
409
69
591
755
985
324
579
921
650
671
473
216
50
310
42
591
1000
74
605
426
667
771
298
989
740
792
1
547
563
82
457
306
197
640
636
599
152
30
85
823
318
243
66
191
822
722
919
568
941
763
47
194
798
736
328
523
426
822
799
932
228
643
372
905
909
212
997
252
547
330
537
730
250
1000
963
68
356
841
282
980
116
738
61
530
479
806
325
411
408
714
608
294
312
733
539
911
41
685
366
830
249
192
986
439
324
775
209
260
851
941
596
510
588
351
991
504
952
135
306
134
315
658
60
22
716
48
46
111
276
380
208
312
406
134
144
421
924
305
89
827
11
370
2
364
464
396
447
160
840
76
674
493
851
862
511
525
987
106
560
140
312
448
782
295
814
841
459
204
602
678
183
670
546
847
1000
751
408
658
888
384
977
886
393
123
113
974
738
198
761
286
679
386
778
952
712
739
363
76
112
99
431
874
617
181
208
272
190
616
553
613
219
717
461
151
766
416
775
808
886
287
487
645
68
615
863
781
881
539
64
512
369
537
262
478
831
152
816
9
171
911
967
974
826
462
566
585
79
949
569
434
523
137
626
894
268
328
231
940
465
17
403
535
837
161
916
207
370
986
274
858
481
712
336
875
540
404
495
305
730
871
80
39
792
276
491
247
230
324
836
526
327
340
597
509
339
550
945
944
865
849
971
683
491
650
75
669
767
295
262
395
226
285
776
909
310
628
773
767
132
872
653
274
386
785
825
822
884
529
434
994
641
628
233
31
407
659
904
950
773
908
456
881
630
876
455
195
72
656
740
160
1
263
964
898
124
89
699
181
464
174
703
157
875
539
66
875
235
66
405
784
668
416
29
452
526
85
512
1
500
605
947
445
962
876
879
668
964
53
112
155
431
414
278
590
548
527
268
857
601
446
872
744
456
280
327
826
884
106
640
246
391
93
18
356
993
563
340
843
127
197
865
451
960
847
798
299
161
227
622
391
131
698
519
215
186
957
603
173
93
303
78
619
344
236
568
480
650
493
425
15
230
476
893
451
263
910
737
916
815
284
326
429
375
750
210
426
888
781
318
439
890
768
129
108
347
819
433
810
126
734
753
742
852
742
391
628
758
50
931
885
812
771
760
127
601
812
641
737
8
355
222
726
660
70
92
721
421
510
885
447
844
324
703
901
716
899
157
94
32
784
357
403
340
384
209
481
538
496
413
651
838
682
39
179
234
467
672
173
630
386
12
920
601
766
310
187
258
151
231
