5000
4691
3527
2306
2494
4437
565
3257
3281
1369
2696
315
2628
4524
1955
2339
3083
4410
3840
2613
244
2148
4499
3241
336
770
442
2826
1835
4645
1739
4989
4673
4247
4807
4029
755
3123
4381
3531
1740
433
2119
1918
4716
4446
1207
3912
3220
3095
4922
270
3105
1810
3983
4374
950
3287
1789
871
164
1313
4847
2550
1217
1094
1856
4315
4808
1787
4651
1748
1201
771
1185
1217
4013
4977
2353
838
4507
1508
1470
455
2113
2050
959
3723
2052
944
4708
207
1968
2128
2519
487
2808
702
4093
542
1161
2101
3017
1381
4841
776
4491
2406
3637
3748
2887
3067
4326
384
2386
526
1300
2995
175
2670
1989
163
282
1546
1418
3573
1725
1559
2964
573
1382
3172
4695
1331
3325
853
170
4049
2002
1746
1552
903
4941
634
810
3031
2503
1302
3782
1464
234
327
3326
1315
455
2947
528
463
4632
2838
3634
4585
2882
2115
1281
1434
2933
2584
1648
4689
356
3692
4713
892
4879
4873
2724
2279
4936
4919
3319
2147
445
1603
1554
482
2847
4189
1971
1728
583
942
2132
3431
333
4958
688
2758
2456
4065
897
3575
4515
4465
3563
2767
3331
4376
2446
3662
2981
645
3443
585
121
2829
3182
3115
129
3304
1021
1181
2172
2732
4963
4623
2164
2173
1949
4414
1961
4438
565
4617
4250
1234
3608
1374
1389
2754
3561
1535
2093
3826
821
1391
973
4100
2408
2278
2369
343
4704
4553
2121
4545
946
3362
2171
3260
4506
3747
4433
4487
1859
2425
3693
2000
1456
38
761
4716
4566
2544
3509
1469
2997
1132
1438
1266
1124
4637
408
788
3521
2320
4623
3288
1305
3593
1320
4711
4892
3668
1438
1498
3019
4938
3960
1607
798
2955
2014
2644
3184
973
5
4409
3922
3780
1803
357
1104
1568
4044
3067
3867
3544
1885
1383
3172
4557
3393
2291
3147
11
808
2473
4399
4071
2932
1840
3338
3697
1635
3448
1621
1571
4176
2606
3458
185
2123
4573
3023
2279
1024
1514
2302
2427
4033
4223
4365
1470
4741
3994
2163
2143
1408
484
1924
922
3679
3201
2577
4214
2261
4212
1345
2530
3158
4492
2104
467
1959
2914
4960
4827
1521
125
1000
3733
2845
413
1505
2034
3633
4087
729
761
1732
3327
2681
960
1497
2076
614
4231
3651
1144
2815
3327
4003
3613
197
1656
65
4257
4876
2348
4467
3728
1631
3200
4104
2560
3879
2132
3002
4389
1510
885
737
3363
476
4457
1378
4123
2879
4898
4251
1025
1606
4364
2293
4010
4249
4658
2469
3060
2758
2674
163
2419
4674
1634
4310
646
2047
2552
3813
1169
4411
1237
3607
1917
1152
3594
2796
3514
3144
4841
1718
4067
2198
184
1487
2085
1325
457
9
3352
1823
1491
2301
3974
3769
1220
3778
2063
1869
14
2024
650
4968
964
1614
1563
870
3665
220
4708
1195
413
1310
72
611
428
1070
219
2609
4173
1208
2330
2745
3810
2544
851
660
3046
557
4600
1043
2964
3330
2499
3844
3384
220
919
4758
3987
287
3724
1801
1540
150
1647
4748
300
4764
1195
1137
1294
1034
4994
4573
2717
2073
3988
2355
2768
3447
4369
1879
2697
4843
2899
2924
3264
2443
2353
180
4348
1396
1470
2688
2396
1794
2174
457
1289
4192
4429
3508
710
2525
2448
4068
2997
2457
3249
1284
1730
2171
1635
3127
3660
2540
1433
1573
1217
2269
3508
3060
2868
3148
1184
3008
2854
1689
1600
4805
3569
4147
1831
3213
2762
4287
3957
3893
3252
3185
2547
1257
3025
4036
3049
4647
4656
4863
4941
4938
4038
1411
4829
2175
2383
1291
420
2641
4183
524
3996
1526
2217
4244
3199
3247
4220
2856
2947
1254
1064
2784
1010
2662
483
2065
2941
1720
1805
259
238
4751
4482
2088
1554
1548
2283
1710
4351
967
2071
3717
295
2520
4295
1705
2523
1370
3246
3528
2488
3918
135
84
3861
3967
4132
1263
914
1446
4634
1856
1348
2586
4370
2076
4712
4938
4919
3347
991
3024
1253
1148
1478
224
1050
2220
2559
3102
1765
1694
3875
40
2940
4322
3599
3885
4930
3239
765
612
2410
64
4136
3780
2011
1784
4181
2500
3345
4851
319
2778
1804
1550
659
261
369
3581
4777
3712
1324
1185
2626
4646
4473
457
2518
3155
1136
207
3697
2969
1337
1817
4063
1679
1700
4507
3624
4245
549
4820
58
3529
4288
2023
2185
1149
4801
961
2105
109
4375
4754
2266
3136
1066
364
4038
3824
934
4602
4556
2536
4069
2514
2181
2854
4866
4191
4999
3913
3867
1676
3384
2439
2879
1988
725
4520
1001
4671
4019
2665
1081
1801
1039
1494
1278
686
4024
2701
4406
4777
2541
4606
2114
588
1229
2200
1189
140
4062
38
1829
741
716
4488
1618
3855
1127
600
974
259
3072
456
2687
2783
4365
3223
891
1162
4501
1539
3881
2145
1384
2694
2314
1555
955
1089
1224
3533
834
1945
4686
1898
4524
2365
4746
2932
748
53
536
630
1277
2855
388
3742
4199
4935
1106
1125
1118
4945
3360
3128
4180
545
2449
2541
3361
2103
4876
2874
2135
1048
3821
4661
654
965
2056
2744
989
863
3834
3858
605
870
2430
3648
1486
290
3519
1560
307
4504
627
3557
4081
488
1142
3252
1013
3938
660
2301
1561
4314
3952
1855
4930
58
1286
1818
643
1392
1152
1475
3133
112
3589
323
1575
1035
1896
4642
757
1188
639
3060
4877
3958
2831
2875
4636
3014
4113
3481
3762
1386
2714
2061
4076
45
4861
1880
1937
277
197
223
893
532
1737
4068
1831
2264
565
4058
901
350
509
869
2993
3993
447
549
4796
1363
2089
4969
3823
558
2349
1619
2890
2741
3911
601
1474
2760
1348
4011
1783
1434
1839
1624
2927
3747
2469
2757
906
4635
3139
2380
4352
32
4
3098
4606
678
535
2636
2224
3292
3189
999
567
3534
339
2630
2882
868
4498
2809
3309
4538
4010
2730
2056
1551
3544
3536
3257
2800
2094
2482
2552
3143
36
2472
3331
2827
3771
1151
1324
1865
1480
1129
3885
2802
3873
2855
4605
4278
1493
3320
4095
473
4274
2995
614
782
2120
462
1358
3705
3133
4288
451
1492
4929
4929
620
578
1622
4965
4504
3379
656
4021
4107
1209
4551
1271
325
3626
2646
3177
2351
125
6
2558
1750
547
493
1394
638
2999
225
2273
4523
4211
3609
1605
3700
1328
1261
666
4311
3583
1789
2172
2442
2550
1908
95
2436
3536
2012
116
1309
2912
4651
755
2609
3273
102
4107
323
2866
2400
4841
3284
66
313
2832
500
4506
2103
2768
2551
816
4241
3601
2560
3866
3030
3742
2477
3724
3782
4578
2347
1914
4942
4751
2495
1464
4501
2533
4886
1693
387
2272
952
430
3161
336
3625
2289
4214
3484
2329
4006
3224
288
2069
2562
897
3623
3680
4315
1948
1742
3309
1652
3350
4800
2063
3778
1135
1813
1365
167
268
2277
3956
191
4478
435
249
1045
1724
2581
4026
4761
1872
4939
1048
2328
4773
2309
3243
2004
2725
2832
141
804
2701
1612
3708
4118
4435
91
1738
894
2907
4781
3584
2484
1070
2182
3546
2886
1737
750
4902
789
3044
1024
1308
3932
2665
2958
4502
1169
281
4501
179
2780
1903
4533
1684
1962
1658
565
1601
1928
3951
2677
1226
2816
703
900
4496
3095
3364
966
2768
1406
3373
3271
863
2797
4689
2386
3185
80
4099
1199
1656
3584
2261
773
2030
2633
4782
1695
3883
4225
2373
1814
2243
1158
3679
2033
3788
711
1194
2741
4524
3089
4529
2551
780
2031
239
574
1747
4534
4564
1507
3556
3463
1994
1268
4575
3112
162
2333
4929
146
837
4515
824
292
3019
3260
1500
844
3298
2985
2228
865
4600
2668
4333
4870
2822
833
1138
1881
2673
4275
294
987
2875
3712
2407
2565
3573
2731
1970
2973
425
4452
1689
1347
3458
333
3017
3151
4550
720
824
4457
2721
2624
2595
4206
4510
4737
360
4742
304
2079
1833
3405
4336
3097
2092
2077
1062
263
4279
865
3540
13
1726
897
4863
2268
1607
1195
4797
3679
3153
52
4837
4922
1290
2955
2938
535
3949
3274
4001
15
1622
2724
1419
145
1088
2465
1327
4410
4121
1725
1566
4552
2785
4992
4185
425
3719
188
3188
1615
182
3646
664
886
3214
3100
3717
3885
2507
2352
249
3508
2799
4346
3348
130
3767
4846
957
81
1877
1988
2980
2031
4223
4622
2571
3510
1895
4613
844
4103
3925
3067
4139
2858
4134
3693
1988
4878
1399
2110
3694
2739
2910
3640
743
2172
4438
3537
4505
3763
3680
3862
393
3838
3605
758
1975
2813
976
3657
622
13
52
565
803
2692
4486
1978
4830
4479
3256
4903
684
2270
4012
2883
1350
2004
2791
2623
1660
611
4705
1906
1889
957
3160
3119
975
332
4393
4616
1641
1521
1241
1588
389
3706
3424
3797
3532
4203
3224
4497
1166
2170
380
4986
750
3584
3848
4270
3410
3430
528
1240
1979
181
1845
641
4662
2030
3531
4608
2216
2022
635
201
1439
2458
208
3990
1740
2672
1928
3159
507
2153
4069
3188
2656
2113
63
3015
1645
4689
2789
3646
578
1897
2451
4404
2517
3958
3768
1113
3893
4405
3616
808
1589
1949
1021
1468
1175
57
871
3423
848
2073
922
2978
185
2523
2197
513
2594
4412
872
3597
2579
97
3223
2576
2518
1280
4517
168
975
3053
3970
2238
4349
2901
406
2953
2403
10
1153
2301
3860
4441
1735
3781
2309
1566
1006
3149
3474
890
904
174
1529
4160
1357
4134
3256
401
31
3625
154
4409
1830
634
3946
437
265
2402
4761
2409
2441
566
4229
2964
2335
395
2886
1824
2106
262
3356
2620
5001
192
471
1001
3926
1997
2913
3153
3757
2114
585
165
4076
8
1848
1719
2979
1290
3828
3054
647
3806
3235
3797
1907
671
4017
2379
2137
729
1693
4218
4681
3943
1688
4598
4724
4574
4006
2178
1734
517
2716
1916
4175
3848
3402
3233
1432
4743
2345
477
3734
2268
4120
102
1942
2901
1981
4467
3820
2982
606
3406
3607
4363
1170
3981
3885
4373
1821
4973
3206
2067
1044
1848
4061
599
1785
4979
754
166
4745
462
2524
4208
4192
3474
4977
2214
221
2181
722
1613
883
2795
539
3154
384
47
2411
1423
2331
4375
1336
4384
4513
3320
195
2715
2927
38
1484
4882
3056
124
4260
1260
1038
679
4337
1009
1341
51
3257
2018
4996
2977
3373
385
962
4797
329
801
3740
1772
1528
4599
112
3452
2010
4730
4580
3753
956
1232
3818
204
2552
2741
3607
3708
4329
4119
1635
4916
1237
2351
4281
4169
89
4420
2037
1021
1448
2715
1881
1999
1820
3490
4669
3634
259
353
3748
1224
2798
2495
2179
400
4513
97
1236
2403
720
2039
1917
832
1366
4644
4542
1150
4678
3634
1100
1232
4018
3841
3780
3962
4009
4038
4125
4028
2872
2251
853
1461
2066
3591
2296
1201
3197
1348
1833
1224
1299
4842
3330
1823
2255
3802
2081
879
318
2459
1688
3567
2802
2395
3067
3787
3586
3996
503
4519
2978
3872
3778
3849
2026
491
3173
4609
1313
4778
2118
2030
588
4392
3815
517
4380
2247
3344
715
2993
623
24
2927
1416
4043
426
112
4889
166
3588
1826
3101
928
110
3737
2460
17
3695
2262
4355
1984
1609
446
3828
57
4633
1538
4801
4555
1185
2897
605
3530
3584
824
2883
868
1309
3016
4484
4969
4618
4742
3516
1545
958
992
1570
2524
2101
2337
1863
1667
1010
4687
4767
3479
4080
887
1845
1609
3260
3676
3306
3471
2855
1243
4917
2719
2399
482
554
1564
2522
3730
588
3499
3904
1181
1610
3453
1902
4976
345
1655
2516
2752
776
4918
1500
1624
2528
3282
1103
1714
964
1394
3113
345
1243
716
4692
2006
1604
4220
4514
3009
3211
4234
3532
81
3804
4392
335
4120
2754
143
3261
3190
1364
4738
1661
343
2783
3706
69
517
4423
2773
2039
1082
1459
952
2945
215
498
749
1070
3006
2083
1570
3048
4766
2049
296
4973
4449
4543
4328
4739
3911
866
921
4545
3733
4047
3929
5
639
3245
4581
274
4327
2130
231
3898
914
1648
3318
1929
2432
1941
3981
2704
3842
1261
4847
200
793
3300
1156
4890
719
697
2421
4549
2197
3357
404
1560
16
3472
3192
942
1271
1982
4174
999
988
1356
28
3419
2581
3979
1595
4812
1596
4772
4934
2004
1256
3201
1890
336
168
4465
4271
434
475
672
3083
4448
4271
3628
216
3330
3071
827
3927
105
2448
279
4498
2021
1011
984
3739
4237
2833
155
4738
428
4415
812
4979
236
4527
3626
4507
1915
3412
2618
4284
570
425
4668
1340
123
4595
3300
1213
2519
2786
3810
2888
3648
1742
2313
1472
3840
54
1895
3628
3735
4373
1225
3442
880
2759
1670
1272
2161
282
796
4979
2522
3167
1697
403
3078
3932
1814
1880
4240
4350
2080
4323
1615
3242
2590
3695
3351
1184
4750
4503
2597
3906
2120
4016
3091
1385
2436
1034
350
3856
284
714
1121
2100
4455
625
648
3539
80
1601
2363
605
4816
1661
3567
199
4368
1865
2
3218
2566
3661
2971
2523
263
3026
264
1650
3307
1885
3773
3052
1295
58
3539
2983
2754
263
4249
3089
2338
365
1665
595
928
4625
207
613
365
739
663
2250
4484
4568
1910
3184
4632
1138
3749
3724
4764
3373
417
4408
4182
1490
1321
1454
4356
4020
3954
4543
1476
1589
2830
1734
394
1947
5000
1077
2629
1251
4194
1400
2391
1817
4055
761
4853
3573
2255
3854
3653
3719
4404
2610
1421
4508
52
3475
4607
3659
2323
4646
1001
2692
3079
4320
781
1467
4382
3017
2809
2417
3689
1993
3331
4886
3954
795
3460
4176
2711
291
989
539
4818
3233
2977
4021
4729
1093
4304
3371
2869
210
2093
3232
4932
215
1728
108
2225
260
4309
4782
3746
2175
4983
3457
673
1877
4295
4359
3743
2093
2224
1543
2081
2002
4458
2662
4774
4552
1252
3369
4357
4471
1680
2040
3112
2293
1254
817
4292
3590
1566
3758
1638
4098
4830
4482
253
3959
108
2127
4318
3985
4424
919
1612
83
4380
2596
2539
3187
2318
3466
288
4174
579
1170
4374
716
2098
3309
1822
545
1368
1120
3969
1138
592
4213
1319
3372
178
458
1332
4321
4310
2987
3737
3532
2010
3872
4145
709
3430
4331
678
2221
3836
3475
2491
2807
1095
1355
2896
563
639
2778
1709
203
4270
1283
1554
2998
2511
606
4975
2692
2860
3286
1592
1637
1119
1896
329
3238
4901
3193
4712
2245
4433
785
648
2755
4766
4633
3702
164
2097
2540
2880
1983
3987
1532
2372
2756
970
970
4484
3090
4424
1736
17
1314
2166
318
1396
1551
3292
224
4533
3376
1223
4317
616
2941
4169
2349
2280
4876
3575
3502
2002
1457
3801
2280
253
2854
857
1642
4114
1331
258
132
2834
3060
3693
1512
2083
4381
2661
1273
2856
3201
1933
2120
427
3752
2016
1222
4029
1582
1087
1646
2015
3423
2292
4910
1570
15
1792
526
1077
3110
386
1356
3107
665
1785
398
660
945
3134
323
619
3906
1881
3110
4037
3816
1031
3824
1945
2260
3939
1905
1449
580
1921
1375
3228
2742
4989
2130
3757
2343
4310
4754
556
518
3033
1017
1347
1211
4587
2528
3953
3938
1946
1762
1298
3120
1758
3538
4353
1766
4206
4243
4675
184
4175
4280
2324
2497
3187
890
2536
1869
3229
1502
3263
1558
14
3479
4989
4905
336
4409
706
2875
1084
2031
3329
3221
1823
4542
2678
1054
498
1997
4599
4164
716
1960
1125
1761
1883
1651
3991
2175
4472
4425
1499
4825
665
1639
88
178
4882
4347
3808
2763
3144
3885
2379
2967
2614
4450
1459
296
1106
636
4307
2166
533
608
4602
2095
4539
4583
3064
2866
2136
2567
2318
731
537
4920
711
23
672
540
2376
1203
2163
124
3837
2816
1730
2772
3530
4653
3395
3024
950
1098
2024
432
3656
1766
2651
1498
2352
1491
3895
3550
2345
2391
2209
1143
2800
2630
2375
724
3254
312
259
3652
3364
2633
120
349
1091
4899
3126
1562
3880
2543
3842
95
208
4094
1464
943
3970
1967
3617
4496
4992
4546
3242
5
3320
1991
4079
3459
3112
174
3461
189
199
3561
4148
3753
300
1673
2862
1491
2137
603
631
334
3663
4240
3448
4312
4438
3031
1264
2530
1966
1330
2363
4792
1023
3127
3553
3109
799
236
3787
1568
4244
2333
1486
429
1019
2516
3081
292
3927
1334
1457
1480
4466
2073
986
3339
3362
2625
84
4191
3576
2145
2575
798
2038
1248
3620
3356
3213
4522
1757
3877
98
3852
399
1007
2464
2393
129
1370
3431
4656
105
4229
564
3522
4719
3089
2266
3167
3766
2505
2230
4543
2458
4105
1286
1465
4464
1991
2017
3389
1419
4505
2499
182
706
2238
3102
987
3674
190
2056
2508
296
4465
1519
74
4982
4339
360
4576
3492
2029
4260
375
4439
2914
3248
2762
1397
3941
1708
2716
737
3427
2683
1770
4660
1611
885
1993
3616
4743
3501
4840
3841
3213
3237
1259
843
105
792
1102
4670
4441
1678
4688
2556
2068
3107
4853
455
999
710
3212
2
1026
1952
2127
3302
273
4253
2840
1701
3251
4105
4133
2590
3955
2600
3532
3411
2716
2100
4359
4181
1436
4072
4560
2352
1317
171
4727
3278
2537
3936
3209
1019
686
426
174
4871
956
3697
3507
2524
4170
3432
2277
4469
558
865
3850
2218
4128
64
4304
4229
3659
3001
705
58
2805
1541
2645
1356
1210
976
4696
1867
3948
1169
4387
253
23
3324
1763
2216
996
804
1007
4065
3190
766
2460
1455
1659
1865
380
1584
374
4464
1341
1603
3476
888
1475
1963
12
3752
2480
1755
4051
4595
4896
1169
1735
1660
4723
3441
3669
4094
3190
2898
2578
3591
3421
845
4176
2714
4454
4197
3030
1544
4742
1384
1091
955
1302
1196
3223
1226
4398
3260
2616
4109
1922
1157
641
633
4832
4776
69
4138
3975
2994
2453
2084
133
2598
1443
4677
1276
3706
2696
3080
3046
1648
2092
1432
2394
2319
1363
1865
4219
188
1718
4003
4513
2497
1437
3020
4267
3422
1913
4164
637
3509
3851
4902
4294
3302
3913
438
1791
4895
2820
4274
2891
3545
4785
3955
618
2603
4712
100
3353
2634
3398
4699
2056
3020
2482
409
2133
2147
680
2325
3496
2063
959
1548
4785
2582
4337
3959
2932
3240
4638
1695
3377
2882
2905
2705
3197
2293
2365
3813
1429
1265
2005
4510
984
387
2067
1290
4748
402
4515
2132
4612
4900
1115
4112
505
223
990
1108
4932
1900
2497
3057
2946
949
3835
1454
329
2279
2465
820
1278
1129
2088
2860
4122
974
387
170
1628
1918
950
508
2856
3010
1388
4150
405
458
4135
1882
514
4771
79
2885
976
4287
1330
1947
1711
1950
428
2240
517
1982
2872
1350
1317
3507
2583
2128
4683
125
4303
221
2125
918
3462
2285
873
4547
4424
3531
2922
3795
1286
4858
3158
1724
1741
1670
1488
771
3554
3972
3798
109
2447
1502
1994
2018
4913
215
1838
519
3647
1942
1496
1267
143
3184
3438
572
1897
3932
1470
284
3941
2181
2594
2953
3312
2348
2664
1843
4882
1743
1621
1104
1254
1988
4272
3183
4965
1896
808
1886
2545
4211
339
3090
2538
4032
4945
96
320
874
2126
3008
4557
2493
515
1086
2622
1877
2843
719
3283
4935
206
714
645
4359
4790
1371
3306
4023
2581
3599
3399
4374
2803
4234
2401
170
3486
5001
1306
3914
4661
3723
2412
674
3238
121
739
4707
3884
2548
590
1380
3730
2666
2002
3031
349
1023
155
404
4740
2415
2833
3552
2430
2930
4180
1296
4020
4278
1265
1528
4729
257
3635
517
3220
88
421
2800
3501
4289
4066
2137
1170
1765
1674
3082
2529
4557
787
4419
16
3755
1893
3573
1000
1216
2476
3077
1616
2619
3239
765
3260
1583
1881
4438
919
839
4400
1512
1453
295
1322
4166
1421
2930
4697
4028
3913
3175
104
4972
611
1854
613
4482
2406
3420
4292
5000
4154
5001
144
1844
587
292
3341
1024
3573
3446
3850
537
1182
1026
648
3359
449
3890
180
2152
1116
1818
4614
2676
2863
2664
1489
305
2857
871
3725
2665
3651
1635
1676
4005
452
476
1603
2277
3519
976
4937
3015
4365
2959
4810
369
1288
652
2567
3104
4744
912
3568
480
3773
254
1597
2062
589
3454
1266
1802
4738
756
2173
3570
2744
971
141
208
2946
814
4453
591
92
2919
4079
330
72
507
2014
3244
3339
1928
3885
550
3256
2293
2734
2808
114
2125
3937
3467
371
1491
1630
3417
1964
879
4462
4392
2782
4940
2521
4600
4720
4305
3787
4215
543
3248
1547
2822
3980
4504
3659
4099
2175
2696
3068
261
4180
3678
472
3287
4684
3449
4068
4894
732
3253
3277
1986
415
3081
3367
3609
3440
3111
3508
2965
3232
1256
1830
4617
1141
17
1544
662
3019
1886
283
326
959
4792
1356
1176
3445
1377
2462
3932
4102
3153
4099
2294
948
342
4012
4511
698
3571
3972
2188
2141
3837
4823
4669
2758
733
792
4334
1184
3266
3279
4491
690
3299
1759
1536
4946
3260
1349
1123
4761
765
2040
1967
4301
3622
3301
760
708
2152
1624
1064
1953
3754
4371
162
884
1754
3306
2041
596
3981
229
1346
2151
2594
4451
4795
4745
3278
2787
1904
3166
3442
2798
3425
1561
3639
3018
1111
313
3604
492
4572
3345
2098
680
1
1689
3605
283
3232
1796
2170
1868
763
1350
4722
3692
2057
3457
4352
2312
159
4759
1683
2157
2192
4972
2277
3999
1413
388
2971
634
1108
2572
3735
4082
875
3546
4771
3592
373
3544
253
4416
320
92
4596
1570
2318
3105
3902
127
4995
2310
370
3122
2533
4647
19
1833
1712
2221
1992
2450
2501
232
1795
1914
4793
4947
672
4871
4662
3472
4221
2275
1431
4846
381
450
1125
185
2770
614
1208
3743
2082
3284
586
1797
1217
66
36
603
3140
742
89
3157
2904
1574
2708
2523
3791
1943
2296
4572
1492
1841
3261
56
2562
671
3868
3014
428
3056
3692
4731
2061
1947
1997
4244
1073
4571
4986
974
1905
3135
597
4317
144
4451
3085
4648
3127
4762
608
3492
3950
3852
1718
3352
4100
2578
2150
4193
3618
1778
568
4174
4804
1007
2063
263
2059
2697
671
380
2062
2147
4535
197
547
4784
3812
3165
319
1876
314
2977
1150
2368
870
1237
2665
2607
133
1511
140
3598
350
2428
4230
3801
4356
1163
2994
2477
829
2886
1839
4661
1580
4527
1284
1663
662
585
2378
3755
1351
1683
1420
732
1396
2543
4245
3522
1265
3155
4894
453
1366
2310
2573
2187
3177
3160
1322
3591
3262
4088
1490
2170
1282
4160
1559
2129
1609
1082
3231
4586
1299
285
557
2650
2408
4692
808
274
2237
715
4857
3283
790
42
2158
1269
2208
3817
2150
870
2180
1700
2920
145
4851
1501
2175
1522
695
4333
3727
488
4581
488
3048
808
3186
3714
1864
3041
4737
2911
2867
1774
2656
2773
4545
2718
4705
2690
1536
1507
4646
1907
1307
53
4732
2851
1508
3143
3410
4666
2098
746
2322
2519
2271
168
3059
2444
3080
498
1789
2302
849
1525
2903
1271
4267
2613
1448
4263
2898
671
3842
4091
1025
1018
1934
1461
4534
720
2077
1403
4261
235
1184
677
1824
1215
3916
1445
4553
3677
1177
3562
153
4908
875
1797
4691
3814
1807
3020
906
3266
1697
3173
3039
2424
4260
995
2654
1387
67
3734
4987
4208
4193
4110
4145
2059
686
4543
1396
4541
2823
2429
1346
1265
2464
53
1021
427
749
4829
2457
3886
4680
789
2430
1754
4173
271
3565
184
110
4109
4258
589
1688
1435
829
983
2082
1805
1776
4808
4782
812
2498
1300
4044
3228
2516
3488
3465
1261
4407
2901
4050
4288
4380
645
1144
1078
4491
868
4691
3597
3980
30
3101
1384
1588
2560
4820
1996
1792
1664
985
988
1742
3119
2358
1745
2111
540
3544
4567
1505
4996
2282
2953
144
1903
1638
2961
3341
3415
503
1032
1636
2777
4968
4884
857
4725
4362
4316
2877
613
1352
3117
175
1381
1140
4509
4230
4752
2976
2701
4845
1446
3420
4229
1945
3240
3930
4365
3999
2458
2060
646
4913
1747
4165
222
4821
2868
214
2104
1364
2699
2579
3426
3652
2407
3221
458
1029
4028
2258
1459
4080
932
146
3479
617
556
4709
663
2660
1467
4238
3399
1925
1019
2587
2552
766
2491
1592
2676
4547
4685
1253
4736
3994
1500
2460
4919
4437
4525
2215
4510
4944
929
4360
1196
288
2499
4410
1051
2437
4984
3361
154
1463
2640
1356
4118
3853
3206
3932
3638
2585
2416
3805
4033
3104
918
3084
2212
3186
1953
4524
4218
2964
4226
4146
3072
4253
4770
4401
70
2014
2134
2344
4476
2552
1731
4987
1718
2472
870
4772
149
4419
3176
167
2977
2640
334
438
370
711
4031
4786
1351
1748
3733
4806
368
4691
59
4599
3221
4752
2940
3212
2601
961
3263
968
4780
54
3976
724
1560
1857
127
2408
1127
3485
67
2406
2667
558
3616
3568
3474
2926
778
3927
3694
400
1731
1857
1858
3042
745
58
2176
2688
2331
2438
964
4595
416
2286
235
2905
4956
3100
4132
2515
3369
881
1069
4120
4553
1279
4352
4648
2909
1074
1902
271
381
3261
317
1614
1148
3838
781
4352
1717
1428
4483
1473
3585
3212
4014
3399
1890
3912
3840
3455
2774
8
2144
4030
3946
3806
4522
895
1989
1929
3703
896
2362
2562
1152
2645
4426
1264
1280
355
865
355
4873
3182
2904
857
1097
3774
659
4961
4871
81
3551
3550
4790
4838
4270
2698
4020
565
3780
929
4393
1142
1942
2340
783
1910
4827
4387
1866
2528
1000
4678
2511
4030
3426
1511
1937
1006
2321
2693
2726
4388
2945
3164
2833
218
1752
3765
2688
580
1523
1234
1394
1208
3712
1678
2397
4779
4862
3499
1413
817
1269
3094
2617
4778
323
3645
4451
2782
1041
237
487
2114
2538
180
1024
415
766
1007
2664
3224
2460
1022
3566
3853
2091
3076
1436
941
1519
183
4124
4394
1546
1681
3037
1288
3422
1388
3158
4662
372
3684
1450
3188
1052
4855
4151
2441
2274
4251
1250
4371
1974
2796
1837
1568
2214
903
4683
3272
176
234
588
1242
2784
4764
3151
4344
4620
4644
1351
1452
302
3369
4505
1635
694
3457
4203
30
3761
1402
3879
1534
777
2327
2335
4548
4953
3903
646
498
570
3293
3112
1676
1517
2843
3852
2936
3243
2705
4920
4857
4106
4303
1591
3737
1686
3112
594
2760
1215
4882
2320
3215
197
3425
3004
3484
1321
3697
3480
4840
3934
1354
1849
1759
2981
3315
3820
2993
1757
2605
3474
3079
4078
715
2121
698
2086
3238
4115
4989
4645
1700
822
4525
730
169
4443
1297
1580
2886
766
4945
1565
3552
2921
3174
835
2836
1735
12
3341
219
2237
3978
980
1397
3245
2553
3429
3996
4729
2206
3927
4751
2158
4891
4289
4125
3950
979
1927
199
303
4868
4014
698
4060
1484
2098
3090
3538
4419
4532
4877
513
382
1489
3758
1333
2768
4149
818
2125
391
4862
566
2660
4499
3196
2656
3333
1364
1541
1877
4482
2224
2456
507
2250
3232
1768
3775
1437
1645
3837
758
2741
1190
1662
3838
3180
4093
1091
1336
1680
135
2924
2768
4722
1671
1131
2278
821
2908
2434
1373
1062
4243
785
83
263
3993
2858
2237
4010
894
4263
5000
1945
4812
324
305
4919
2653
4179
4870
203
4782
2347
2948
1492
18
788
700
2222
501
2728
759
2420
3899
2516
2458
4022
317
4644
2139
1466
2753
819
1643
93
1909
1357
1871
4356
2695
2812
3619
814
57
2610
3262
1798
1505
3110
3124
727
4387
2520
663
1754
1104
3358
3889
3356
999
4937
144
2341
2982
4873
1290
1975
3459
3458
2293
2470
941
1434
2482
2227
13
4030
4645
4489
2570
4947
4468
1634
4069
4389
3577
1103
4848
3752
959
4235
202
2696
824
1876
3509
1567
3861
3704
146
2015
1305
3046
3059
2869
2029
1540
3111
2101
4430
3737
2378
4610
2192
3422
4800
573
2264
2422
3903
4563
4459
4296
2598
2387
3830
1732
3266
4458
4884
489
2371
4790
1407
3751
790
3407
4712
1947
2809
2366
2646
1466
4794
2947
2360
1295
3489
3809
4452
2420
362
4192
3501
2482
2869
4515
2395
2685
2691
1368
697
3596
843
3084
3588
4644
2021
4376
3492
3469
4706
524
272
956
668
3954
4799
2982
406
3439
3909
3843
3692
4907
3539
2384
3259
2838
2892
1226
1781
3786
652
3563
4830
1495
2026
872
4669
964
3261
18
3063
302
1599
1093
1077
1195
696
3882
2448
3986
3191
4879
4862
4263
2976
1363
3530
636
3655
2204
112
1132
3182
223
4258
1410
1492
4473
1528
629
4527
759
1947
2376
1213
1747
4513
1654
1595
4512
4958
1333
1677
2316
4734
27
2014
3251
778
3944
932
4412
169
4557
3687
1125
102
3353
1855
2208
4778
3564
1388
4613
4832
908
4817
4444
3188
663
1034
977
4654
1621
110
3248
838
2254
4276
1643
2884
2863
255
2215
3156
4437
