500
262
441
387
123
355
322
279
2
178
406
388
113
257
351
91
450
136
457
431
335
324
131
415
101
116
494
202
376
84
385
223
206
451
213
178
33
452
115
20
242
83
343
8
91
150
490
148
389
289
224
179
149
394
57
198
138
445
22
264
116
429
231
451
386
79
315
415
494
84
496
197
68
97
313
56
293
440
123
444
125
434
241
66
129
188
438
144
48
269
191
217
271
114
456
461
88
329
360
306
262
81
379
342
136
261
94
492
224
261
254
306
231
167
62
369
334
396
359
369
369
29
130
427
64
87
67
369
353
334
426
268
386
406
405
10
247
306
456
242
188
130
255
231
109
106
221
325
389
415
425
96
87
202
116
405
101
90
91
360
484
81
229
280
42
268
49
412
112
487
213
171
441
130
387
496
431
224
313
426
374
480
472
52
20
297
100
500
23
89
489
396
352
122
204
312
453
25
263
420
397
489
388
335
388
118
477
50
268
212
232
114
237
188
81
491
165
316
250
63
54
175
28
153
171
114
70
17
166
308
298
416
364
33
232
23
220
486
479
284
9
205
404
157
338
403
452
257
154
249
269
289
283
166
44
101
194
428
278
381
301
61
64
381
121
463
78
94
34
265
224
343
239
444
255
127
7
190
390
239
404
5
468
329
196
425
168
367
205
46
157
289
174
183
323
78
361
138
161
459
130
145
64
318
381
181
109
162
21
349
452
459
188
206
102
228
485
318
193
226
307
372
221
289
119
344
283
239
41
43
63
37
36
435
385
203
367
127
340
288
185
226
294
415
73
490
321
43
318
438
295
448
488
227
425
470
409
408
435
119
85
431
37
365
453
188
89
432
368
74
200
83
301
411
289
59
186
368
76
349
176
398
406
449
209
83
119
342
142
422
10
204
32
275
9
137
109
167
294
342
325
281
169
169
74
385
17
443
285
222
381
358
350
20
344
424
400
198
372
7
188
323
144
116
17
280
338
434
382
415
58
423
433
91
57
9
231
179
146
101
431
134
281
127
466
7
79
138
13
346
317
239
294
83
267
236
478
389
41
82
60
98
57
381
349
159
345
5
319
344
240
154
368
105
220
316
251
182
458
254
469
183
336
227
396
235
109
466
95
355
381
246
237
173
7
496
405
422
103
347
482
